,KNN_1,KNN_2,KNN_3,KNN_4,KNN_5,KNN_6,KNN_7,QDA_1,QDA_2,QDA_3,QDA_4,QDA_5,QDA_6,QDA_7,LR_1,LR_2,LR_3,LR_4,LR_5,LR_6,LR_7,RF_1,RF_2,RF_3,RF_4,RF_5,RF_6,RF_7,SVC_1,SVC_2,SVC_3,SVC_4,SVC_5,SVC_6,SVC_7,LDA_1,LDA_2,LDA_3,LDA_4,LDA_5,LDA_6,LDA_7
0,33,0,1,0,11,0,0,38,0,0,0,0,0,0,21,0,1,0,7,0,0,38,0,1,0,0,0,0,37,0,0,0,1,0,0,38,0,1,0,17,0,0
1,0,21,0,5,0,0,0,0,17,0,5,0,0,2,0,17,0,2,0,0,0,0,20,0,8,0,0,1,0,12,0,2,0,0,0,0,23,0,4,0,0,1
2,0,0,10,0,0,7,0,0,0,16,0,0,0,0,0,0,11,0,0,7,0,0,0,16,0,0,0,0,0,0,16,0,0,0,0,0,0,13,0,0,9,0
3,0,5,0,10,0,0,3,0,8,0,10,0,0,1,0,1,0,8,0,0,0,0,6,0,6,0,0,2,0,12,0,12,0,0,0,0,3,0,11,0,0,2
4,5,0,0,0,6,0,0,0,0,1,0,17,0,0,15,0,0,0,10,0,0,0,0,0,0,17,0,0,1,0,1,0,16,0,0,0,0,0,0,0,0,0
5,0,0,6,0,0,8,0,0,1,0,0,0,15,0,0,0,5,0,0,8,0,0,0,0,0,0,15,0,0,0,0,0,0,15,0,0,0,3,0,0,6,0
6,0,0,0,0,0,0,0,0,0,0,0,0,0,0,2,8,0,5,0,0,3,0,0,0,1,0,0,0,0,2,0,1,0,0,3,0,0,0,0,0,0,0
7,33,1,0,0,10,3,1,37,1,0,0,0,3,1,21,1,0,0,10,1,1,38,1,0,0,1,3,1,37,1,0,0,0,3,1,38,1,0,0,17,3,1
8,0,21,0,6,0,0,2,0,21,0,5,0,0,1,0,23,0,2,0,0,0,0,21,0,2,0,0,1,0,13,0,0,0,0,0,0,24,0,7,0,0,2
9,0,0,14,0,0,1,0,0,0,17,0,0,0,0,0,0,15,0,0,4,0,0,0,17,0,0,0,0,0,0,17,0,0,0,0,0,0,15,0,0,5,0
10,0,3,0,9,0,0,0,0,4,0,10,0,0,1,0,0,0,4,0,0,0,0,3,0,12,0,0,0,0,8,0,11,0,0,0,0,1,0,8,0,0,0
11,5,0,0,0,7,0,0,1,0,0,0,17,0,0,16,0,0,0,7,2,0,0,0,0,0,16,0,0,1,0,0,0,17,0,0,0,0,0,0,0,0,0
12,0,0,3,0,0,11,0,0,0,0,0,0,12,0,0,0,2,0,0,8,0,0,0,0,0,0,12,0,0,1,0,0,0,12,0,0,0,2,0,0,7,0
13,0,1,0,0,0,0,0,0,0,0,0,0,0,0,1,2,0,9,0,0,2,0,1,0,1,0,0,1,0,3,0,4,0,0,2,0,0,0,0,0,0,0
14,29,1,1,0,13,0,0,35,1,1,0,1,0,0,18,1,1,0,7,0,0,38,1,1,0,3,0,0,33,1,1,0,3,0,0,38,1,1,0,17,0,0
15,0,19,0,9,0,0,3,0,16,0,6,0,0,2,0,21,0,3,0,0,0,0,19,0,4,0,0,1,0,10,0,1,0,0,1,0,23,0,9,0,0,3
16,0,0,9,0,0,3,0,0,0,16,0,0,0,0,0,0,11,0,0,5,0,0,0,16,0,0,0,0,0,0,16,0,0,0,0,0,0,12,0,0,6,0
17,0,5,0,6,0,0,0,0,9,0,8,0,0,1,0,2,0,4,0,0,0,0,6,0,10,0,0,2,0,12,0,10,0,0,1,0,2,0,6,0,0,0
18,9,0,0,0,4,0,0,2,0,0,0,16,0,0,19,0,0,0,10,0,0,0,0,0,0,14,0,0,3,0,0,0,14,0,0,0,0,0,0,0,0,0
19,0,0,7,0,0,12,0,0,0,0,0,0,15,0,0,0,5,0,0,10,0,0,0,0,0,0,15,0,0,0,0,0,0,15,0,0,0,4,0,0,9,0
20,0,1,0,0,0,0,0,1,0,0,1,0,0,0,1,2,0,8,0,0,3,0,0,0,1,0,0,0,2,3,0,4,0,0,1,0,0,0,0,0,0,0
21,32,2,0,0,9,1,0,35,2,0,0,0,1,0,23,2,0,0,7,1,0,37,2,0,0,0,1,0,36,1,0,0,0,1,0,38,2,0,0,17,1,0
22,0,21,0,3,0,0,0,0,15,0,6,0,0,2,0,20,0,2,0,0,2,0,14,0,7,0,0,2,0,6,0,2,0,0,0,0,22,0,5,0,0,2
23,0,0,11,0,0,4,0,0,1,17,0,0,0,0,0,0,12,0,0,3,0,0,0,17,0,0,0,0,0,0,17,0,0,0,0,0,0,13,0,0,5,0
24,0,3,0,11,0,0,2,0,8,0,9,0,0,0,0,1,0,5,0,0,1,0,8,0,8,0,0,0,0,13,0,11,0,0,1,0,2,0,10,0,0,1
25,6,0,0,0,8,0,0,3,0,0,0,17,0,0,15,0,0,0,10,0,0,1,0,0,0,17,0,0,2,1,0,0,17,0,0,0,0,0,0,0,0,0
26,0,0,6,0,0,10,0,0,0,0,0,0,14,0,0,0,5,0,0,11,0,0,0,0,0,0,14,0,0,0,0,0,0,14,0,0,0,4,0,0,9,0
27,0,0,0,1,0,0,1,0,0,0,0,0,0,1,0,3,0,8,0,0,0,0,2,0,0,0,0,1,0,5,0,2,0,0,2,0,0,0,0,0,0,0
28,35,0,1,0,10,0,0,36,0,0,0,1,0,0,21,0,1,0,8,0,0,38,0,1,0,1,0,0,35,0,1,0,2,0,0,38,0,1,0,17,0,0
29,0,22,0,6,0,0,1,0,17,0,5,0,0,1,0,21,0,5,0,0,2,0,22,0,7,0,0,1,0,13,0,1,0,0,0,0,22,0,8,0,0,3
30,0,0,9,0,0,5,0,0,0,15,0,0,0,0,0,0,11,0,0,5,0,0,0,15,0,0,0,0,0,0,15,0,0,0,0,0,0,13,0,0,4,0
31,0,5,0,8,0,0,1,0,10,0,9,0,0,1,0,1,0,2,0,0,0,0,5,0,6,0,0,1,0,13,0,10,0,0,0,0,5,0,6,0,1,0
32,3,0,0,0,7,0,0,2,0,1,0,16,0,0,16,0,0,0,9,0,0,0,0,0,0,16,0,0,3,0,0,0,15,0,0,0,0,0,0,0,0,0
33,0,0,6,0,0,11,0,0,0,0,0,0,16,0,0,0,4,0,0,11,0,0,0,0,0,0,16,0,0,0,0,0,0,16,0,0,0,2,0,0,11,0
34,0,0,0,0,0,0,1,0,0,0,0,0,0,1,1,5,0,7,0,0,1,0,0,0,1,0,0,1,0,1,0,3,0,0,3,0,0,0,0,0,0,0
35,27,2,1,1,12,0,0,36,2,1,1,2,0,0,31,1,1,1,8,0,0,37,2,1,1,2,0,0,36,2,2,1,3,0,0,38,2,2,1,16,0,0
36,0,21,0,6,0,0,2,0,17,0,4,0,0,3,0,20,0,3,0,0,1,0,19,0,4,0,0,2,0,8,0,0,0,0,0,0,20,0,7,0,0,2
37,0,0,12,0,0,7,0,0,1,14,0,0,0,0,0,0,12,0,0,9,0,0,0,14,0,0,0,0,0,0,14,0,0,0,0,0,0,13,0,0,11,0
38,0,4,0,8,0,0,1,0,6,0,10,0,0,0,0,3,0,4,0,0,0,0,6,0,10,0,0,1,0,14,0,11,0,0,1,0,5,0,7,0,2,1
39,11,0,1,0,4,0,0,2,0,1,0,14,0,0,7,1,1,0,8,0,0,1,0,1,0,14,0,0,2,0,0,0,13,0,0,0,0,0,0,0,0,0
40,0,0,2,0,0,9,0,0,1,0,0,0,16,0,0,0,2,0,0,7,0,0,0,0,0,0,16,0,0,0,0,0,0,16,0,0,0,1,0,0,3,0
41,0,0,0,0,0,0,0,0,0,0,0,0,0,0,0,2,0,7,0,0,2,0,0,0,0,0,0,0,0,3,0,3,0,0,2,0,0,0,0,0,0,0
42,31,0,0,0,14,1,0,37,0,0,0,1,1,0,23,0,0,0,9,1,0,38,0,0,0,1,1,0,37,0,0,0,1,1,0,38,0,0,0,17,1,0
43,0,21,0,6,0,0,0,0,17,0,9,0,0,1,0,20,0,5,0,0,1,0,21,0,7,0,0,1,0,10,0,1,0,0,0,0,20,0,8,0,0,1
44,0,0,12,0,0,4,0,0,0,16,0,0,0,0,0,0,16,0,0,3,0,0,0,16,0,0,0,0,0,0,16,0,0,0,0,0,0,16,0,0,3,0
45,0,4,0,9,0,0,1,0,9,0,6,0,0,0,0,3,0,5,0,0,0,0,4,0,8,0,0,1,0,14,0,9,0,0,0,0,6,0,7,0,1,1
46,7,0,0,0,3,0,0,1,0,0,0,16,0,0,15,0,0,0,8,0,0,0,0,0,0,16,0,0,1,0,0,0,16,0,0,0,0,0,0,0,0,0
47,0,0,4,0,0,11,0,0,0,0,0,0,15,0,0,0,0,0,0,12,0,0,0,0,0,0,15,0,0,0,0,0,0,15,0,0,0,0,0,0,11,0
48,0,1,0,0,0,0,1,0,0,0,0,0,0,1,0,3,0,5,0,0,1,0,1,0,0,0,0,0,0,2,0,5,0,0,2,0,0,0,0,0,0,0
49,30,0,0,1,10,0,0,34,0,0,1,0,0,0,23,0,0,0,10,0,0,37,0,0,1,1,0,0,33,0,0,1,2,0,0,38,0,0,1,17,0,0
50,0,19,0,6,0,0,2,0,21,0,5,0,0,3,0,21,0,5,0,0,1,0,19,0,6,0,0,3,0,12,0,3,0,0,0,0,23,0,5,0,0,1
51,0,0,12,0,0,10,0,0,0,16,0,0,0,0,0,0,12,0,0,8,0,0,0,16,0,0,0,0,0,0,16,0,0,0,0,0,0,13,0,0,9,0
52,0,6,0,8,0,0,1,0,5,0,9,0,0,0,0,2,0,5,0,0,0,0,6,0,8,0,0,0,0,9,0,11,0,0,0,0,3,0,9,0,0,2
53,8,0,0,0,7,0,0,4,0,0,0,17,0,0,13,0,0,1,7,0,0,1,0,0,0,16,0,0,5,0,0,0,15,0,0,0,0,0,0,0,0,0
54,0,0,4,0,0,5,0,0,0,0,0,0,15,0,0,0,4,0,0,7,0,0,0,0,0,0,15,0,0,0,0,0,0,15,0,0,0,3,0,0,6,0
55,0,1,0,0,0,0,0,0,0,0,0,0,0,0,2,3,0,4,0,0,2,0,1,0,0,0,0,0,0,5,0,0,0,0,3,0,0,0,0,0,0,0
56,31,1,0,0,12,0,0,37,1,0,0,2,0,0,25,1,0,0,10,0,0,38,1,0,0,2,0,0,36,1,0,0,3,0,0,38,1,0,0,17,0,0
57,0,22,0,7,0,0,3,0,18,0,3,0,0,3,0,20,0,3,0,0,1,0,16,0,4,0,0,2,0,10,0,1,0,0,1,0,23,0,7,0,1,2
58,0,0,10,0,0,5,0,0,0,16,0,0,0,0,0,0,12,0,0,9,0,0,0,16,0,0,0,0,0,0,16,0,0,0,0,0,0,14,0,0,8,0
59,0,3,0,7,0,0,0,0,6,0,12,0,0,0,0,2,0,5,0,0,0,0,5,0,10,0,0,1,0,9,0,10,0,0,0,0,2,0,8,0,1,1
60,7,0,0,0,5,0,0,1,0,0,0,15,0,0,13,0,0,0,7,0,0,0,0,0,0,15,0,0,2,0,0,0,14,0,0,0,0,0,0,0,0,0
61,0,0,6,0,0,10,0,0,1,0,0,0,15,0,0,0,4,0,0,6,0,0,0,0,0,0,15,0,0,0,0,0,0,15,0,0,0,2,0,0,5,0
62,0,0,0,1,0,0,0,0,0,0,0,0,0,0,0,3,0,7,0,0,2,0,4,0,1,0,0,0,0,6,0,4,0,0,2,0,0,0,0,0,0,0
63,34,1,0,0,11,0,1,35,0,0,0,0,0,1,24,0,0,0,9,0,1,36,1,0,0,0,0,1,36,0,0,0,1,0,1,37,1,0,0,17,0,1
64,0,20,0,7,0,0,1,0,18,0,5,0,0,1,0,22,0,6,0,0,2,0,20,0,6,0,0,1,0,9,0,1,0,0,0,0,23,0,7,0,0,2
65,0,0,9,0,0,6,0,0,0,17,0,0,0,0,0,0,13,0,0,8,0,0,0,17,0,0,0,0,0,0,17,0,0,0,0,0,0,14,0,0,9,0
66,0,5,0,8,0,0,0,0,6,0,10,0,0,0,0,1,0,5,0,0,0,0,4,0,9,0,0,0,0,13,0,10,0,0,0,0,2,0,8,0,0,0
67,3,0,0,0,6,0,0,2,1,0,0,17,0,0,13,1,0,0,8,0,0,1,0,0,0,17,0,0,1,1,0,0,16,0,0,0,0,0,0,0,0,0
68,0,0,8,0,0,9,0,0,1,0,0,0,15,0,0,0,4,0,0,7,0,0,0,0,0,0,15,0,0,0,0,0,0,15,0,0,0,3,0,0,6,0
69,0,0,0,0,0,0,1,0,0,0,0,0,0,1,0,2,0,4,0,0,0,0,1,0,0,0,0,1,0,3,0,4,0,0,2,0,0,0,0,0,0,0
