,KNN_1,KNN_2,KNN_3,KNN_4,KNN_5,KNN_6,KNN_7,QDA_1,QDA_2,QDA_3,QDA_4,QDA_5,QDA_6,QDA_7,LR_1,LR_2,LR_3,LR_4,LR_5,LR_6,LR_7,RF_1,RF_2,RF_3,RF_4,RF_5,RF_6,RF_7,SVC_1,SVC_2,SVC_3,SVC_4,SVC_5,SVC_6,SVC_7,LDA_1,LDA_2,LDA_3,LDA_4,LDA_5,LDA_6,LDA_7
0,36,0,0,0,0,0,0,37,0,1,0,0,0,0,32,1,0,0,0,0,0,38,0,1,0,0,0,0,31,7,4,0,0,0,0,38,0,1,0,0,0,0
1,1,13,0,5,0,0,1,0,18,0,3,0,0,0,0,1,0,1,0,0,1,0,21,0,2,0,0,0,0,0,0,0,0,0,0,0,17,0,4,0,0,1
2,0,0,16,0,0,0,0,0,0,16,0,0,0,0,0,0,16,0,0,0,0,0,0,16,0,0,0,0,0,0,9,0,0,0,0,0,0,16,0,0,0,0
3,0,12,0,10,1,0,1,0,8,0,12,0,0,3,0,11,0,11,0,3,2,0,5,0,13,0,0,2,0,12,3,11,13,1,0,0,9,0,11,0,0,2
4,1,0,1,0,16,0,0,1,0,0,0,17,0,0,4,0,1,0,17,1,0,0,0,0,0,17,0,0,0,0,0,0,0,0,0,0,0,0,0,17,0,0
5,0,1,0,0,0,15,0,0,0,0,0,0,15,0,0,8,0,3,0,11,0,0,0,0,0,0,15,0,0,7,0,3,2,14,0,0,0,0,0,0,15,0
6,0,0,0,0,0,0,1,0,0,0,0,0,0,0,2,5,0,0,0,0,0,0,0,0,0,0,0,1,7,0,1,1,2,0,3,0,0,0,0,0,0,0
7,37,4,0,1,0,3,1,37,1,0,0,0,3,1,36,4,0,0,0,3,0,38,1,0,0,1,3,1,31,9,5,0,0,3,0,37,1,0,0,2,3,1
8,0,17,5,4,0,0,1,0,21,0,1,0,1,0,0,5,0,1,0,0,1,0,25,0,2,0,0,0,5,3,3,0,0,0,0,0,23,0,4,0,0,1
9,0,0,12,0,0,0,0,0,0,17,0,0,0,0,0,0,17,0,0,0,0,0,0,17,0,0,0,0,0,0,3,0,0,0,0,0,0,17,0,0,0,0
10,0,4,0,10,0,0,1,0,3,0,14,0,0,2,0,7,0,10,0,0,1,0,0,0,13,0,0,1,0,7,1,10,15,1,0,0,2,0,11,0,1,1
11,1,0,0,0,17,0,0,1,0,0,0,17,0,0,1,0,0,0,17,2,1,0,0,0,0,16,0,0,0,0,0,0,0,0,0,1,0,0,0,15,0,0
12,0,1,0,0,0,12,0,0,0,0,0,0,11,0,0,4,0,4,0,10,0,0,0,0,0,0,12,0,0,3,0,2,1,11,0,0,0,0,0,0,11,0
13,0,0,0,0,0,0,0,0,1,0,0,0,0,0,1,6,0,0,0,0,0,0,0,0,0,0,0,1,2,4,5,3,1,0,3,0,0,0,0,0,0,0
14,35,5,1,3,5,0,2,37,1,1,0,1,0,0,33,7,1,0,1,0,1,38,1,1,0,3,0,0,32,11,6,0,1,0,1,38,1,1,0,3,0,0
15,0,14,0,4,1,0,1,0,19,0,5,0,0,3,0,5,0,1,0,0,1,0,21,0,3,0,0,1,0,2,0,0,0,0,0,0,22,0,7,0,0,3
16,0,1,16,0,0,0,0,0,0,16,0,0,0,0,0,1,16,0,0,0,0,0,0,16,0,0,0,0,0,0,10,0,0,0,0,0,0,16,0,0,0,0
17,0,5,0,8,0,0,0,0,6,0,10,0,0,0,0,8,0,6,0,1,0,0,4,0,12,0,0,2,1,5,1,4,1,0,0,0,3,0,8,0,0,0
18,2,0,0,0,11,0,0,0,0,0,0,16,0,0,3,2,0,0,15,0,0,0,0,0,0,14,0,0,1,6,0,6,4,0,0,0,0,0,0,14,0,0
19,0,0,0,0,0,15,0,0,0,0,0,0,15,0,0,2,0,5,1,14,0,0,0,0,0,0,15,0,0,1,0,1,3,15,0,0,0,0,0,0,15,0
20,1,1,0,0,0,0,0,1,0,0,0,0,0,0,2,1,0,3,0,0,1,0,0,0,0,0,0,0,4,1,0,4,8,0,2,0,0,0,0,0,0,0
21,36,3,0,1,1,1,1,35,2,0,0,0,1,0,35,1,0,0,0,1,0,38,2,0,0,0,1,0,33,6,2,0,0,1,1,38,2,0,0,0,1,0
22,0,14,0,7,0,0,1,0,16,0,1,0,0,2,0,7,0,1,0,0,2,0,22,0,2,0,0,1,2,3,0,0,0,0,0,0,19,0,2,0,0,3
23,0,0,17,0,0,0,0,0,0,17,0,0,0,0,0,1,17,0,0,0,0,0,0,17,0,0,0,0,0,0,8,0,0,0,0,0,0,17,0,0,0,0
24,0,8,0,7,0,0,0,0,7,0,14,0,0,0,0,13,0,11,0,0,0,0,2,0,13,0,0,0,0,13,4,12,12,0,0,0,5,0,13,0,0,0
25,2,1,0,0,16,0,0,3,0,0,0,17,0,0,3,1,0,1,17,0,0,0,0,0,0,17,0,0,0,0,0,0,0,0,0,0,0,0,0,17,0,0
26,0,0,0,0,0,14,0,0,0,0,0,0,14,0,0,0,0,2,0,14,0,0,0,0,0,0,14,0,0,0,0,1,2,14,0,0,0,0,0,0,14,0
27,0,0,0,0,0,0,1,0,1,0,0,0,0,1,0,3,0,0,0,0,1,0,0,0,0,0,0,2,3,4,3,2,3,0,2,0,0,0,0,0,0,0
28,37,2,1,0,4,0,1,38,0,0,0,2,0,0,34,5,0,0,1,0,1,38,0,1,0,1,0,0,33,8,3,0,1,0,2,38,0,1,0,1,0,0
29,0,20,2,9,0,0,2,0,18,0,5,0,0,2,0,5,0,0,0,0,1,0,25,0,0,0,0,1,0,0,0,0,0,0,0,0,22,0,8,0,0,3
30,0,0,13,0,0,0,0,0,0,15,0,0,0,0,0,0,15,0,0,0,0,0,0,15,0,0,0,0,0,0,4,0,0,0,0,0,0,15,0,0,0,0
31,0,3,0,4,0,0,0,0,9,0,9,0,0,1,0,9,0,8,0,0,0,0,2,0,13,0,0,0,1,9,2,10,13,0,0,0,5,0,6,0,0,0
32,1,0,0,0,13,0,0,0,0,1,0,15,0,0,4,1,1,3,16,1,0,0,0,0,0,16,0,0,0,0,0,0,0,0,0,0,0,0,0,16,0,0
33,0,2,0,1,0,16,0,0,0,0,0,0,16,0,0,6,0,2,0,15,0,0,0,0,0,0,16,0,0,5,0,2,1,16,0,0,0,0,0,0,16,0
34,0,0,0,0,0,0,0,0,0,0,0,0,0,0,0,1,0,1,0,0,1,0,0,0,1,0,0,2,4,5,7,2,2,0,1,0,0,0,0,0,0,0
35,36,6,1,2,3,0,0,36,2,2,1,2,0,0,34,5,1,1,2,0,1,37,2,1,1,2,0,0,22,7,4,1,1,0,1,38,2,2,1,2,0,0
36,0,15,0,7,0,0,2,0,16,0,6,0,0,1,0,3,0,1,0,0,0,0,20,0,3,0,0,1,10,6,0,0,0,0,0,0,19,0,6,0,0,1
37,0,0,14,0,0,0,0,0,0,14,0,0,0,0,0,1,14,0,0,0,0,0,0,14,0,0,0,0,0,0,5,0,0,0,0,0,0,14,0,0,0,0
38,0,6,0,6,0,0,0,0,9,0,8,0,0,2,0,12,0,9,0,2,1,0,5,0,11,0,0,1,1,6,1,7,2,0,0,0,6,0,8,0,0,2
39,2,0,1,0,13,0,0,2,0,0,0,14,0,0,3,0,1,0,13,1,0,1,0,1,0,14,0,0,0,4,0,2,6,2,0,0,0,0,0,14,0,0
40,0,0,0,0,0,16,0,0,0,0,0,0,16,0,0,2,0,3,0,13,0,0,0,0,0,0,16,0,0,2,0,3,1,14,0,0,0,0,0,0,16,0
41,0,0,0,0,0,0,1,0,0,0,0,0,0,0,1,4,0,1,1,0,1,0,0,0,0,0,0,1,5,2,6,2,6,0,2,0,0,0,0,0,0,0
42,37,2,0,2,1,1,0,37,0,0,0,1,1,0,37,4,0,0,1,1,0,38,0,0,0,1,1,0,35,9,4,2,1,1,1,38,0,0,0,1,1,0
43,0,16,1,9,0,0,2,0,14,0,5,0,0,0,0,2,0,6,0,0,0,0,19,0,1,0,0,0,0,0,0,0,0,0,0,0,16,0,6,0,0,1
44,0,0,15,0,0,0,0,0,0,16,0,0,0,0,0,0,16,0,0,0,0,0,0,16,0,0,0,0,0,0,8,0,0,0,0,0,0,16,0,0,0,0
45,0,7,0,4,0,0,0,0,11,0,10,0,0,0,0,9,0,8,0,2,1,0,7,0,14,0,0,0,0,11,1,7,12,0,0,0,10,0,9,0,1,1
46,1,0,0,0,16,0,0,1,0,0,0,16,0,0,1,2,0,1,16,2,0,0,0,0,0,16,0,0,0,0,0,0,1,0,0,0,0,0,0,16,0,0
47,0,1,0,0,0,15,0,0,0,0,0,0,15,0,0,5,0,0,0,11,0,0,0,0,0,0,15,0,0,5,0,0,1,15,0,0,0,0,0,0,14,0
48,0,0,0,0,0,0,0,0,1,0,0,0,0,2,0,4,0,0,0,0,1,0,0,0,0,0,0,2,3,1,3,6,2,0,1,0,0,0,0,0,0,0
49,32,4,0,1,0,0,0,34,0,0,1,0,0,0,31,3,0,1,0,0,0,38,0,0,1,1,0,0,31,12,4,1,0,0,1,38,0,0,1,1,0,0
50,3,15,1,6,0,0,1,1,20,0,3,0,0,1,0,6,0,0,0,0,2,0,24,0,4,0,0,0,0,0,0,0,0,0,0,0,21,0,5,0,0,1
51,0,0,15,0,0,0,0,0,0,16,0,0,0,0,0,0,16,0,0,0,0,0,0,16,0,0,0,0,0,0,6,0,0,0,0,0,0,16,0,0,0,0
52,0,5,0,8,0,0,0,0,5,0,11,0,0,1,0,5,0,9,0,1,1,0,2,0,10,0,0,0,2,6,0,11,11,0,0,0,5,0,9,0,0,2
53,3,0,0,0,17,0,0,3,0,0,0,17,0,0,6,1,0,3,16,1,0,0,0,0,0,16,0,0,0,0,0,0,0,0,0,0,0,0,0,16,0,0
54,0,1,0,0,0,15,0,0,0,0,0,0,15,0,0,4,0,2,1,13,0,0,0,0,0,0,15,0,0,3,0,3,4,15,0,0,0,0,0,0,15,0
55,0,1,0,0,0,0,2,0,1,0,0,0,0,1,1,7,0,0,0,0,0,0,0,0,0,0,0,3,5,5,6,0,2,0,2,0,0,0,0,0,0,0
56,37,3,1,0,2,0,0,36,1,0,0,1,0,0,33,6,0,0,1,0,2,38,1,0,0,2,0,0,30,8,3,0,1,0,2,37,1,0,0,2,0,0
57,0,20,0,6,0,0,2,0,16,0,3,0,0,2,0,6,0,0,0,0,0,0,24,0,5,0,0,1,0,0,0,0,0,0,0,0,23,0,3,0,1,2
58,0,0,15,0,0,0,0,0,0,16,0,0,0,0,0,0,16,0,0,0,0,0,0,16,0,0,0,0,0,0,4,0,0,0,0,0,0,16,0,0,0,0
59,0,2,0,9,0,0,0,0,6,0,12,0,0,1,0,9,0,13,0,2,1,0,1,0,10,0,0,0,0,2,1,2,2,0,0,0,2,0,12,0,1,1
60,1,0,0,0,15,0,0,2,0,0,0,16,0,0,5,2,0,0,16,0,0,0,0,0,0,15,0,0,0,7,0,10,11,2,0,1,0,0,0,15,0,0
61,0,1,0,0,0,15,0,0,0,0,0,0,15,0,0,2,0,2,0,13,0,0,0,0,0,0,15,0,0,3,0,2,1,13,0,0,0,0,0,0,13,0
62,0,0,0,0,0,0,1,0,3,0,0,0,0,0,0,1,0,0,0,0,0,0,0,0,0,0,0,2,8,6,8,1,2,0,1,0,0,0,0,0,0,0
63,34,3,0,2,0,0,3,36,0,0,0,0,0,1,32,2,0,0,0,0,2,35,1,0,0,0,0,1,32,8,5,0,0,0,3,36,0,0,0,0,0,1
64,1,18,0,3,1,0,0,0,17,0,4,0,0,1,0,8,0,3,0,0,0,0,22,0,5,0,0,1,0,0,0,0,0,0,0,0,21,0,5,0,0,2
65,0,1,16,0,0,0,0,0,0,17,0,0,0,0,0,0,17,0,0,0,0,0,0,17,0,0,0,0,0,1,8,1,0,0,0,0,0,17,0,0,0,0
66,0,3,1,10,0,0,0,0,8,0,11,0,0,0,0,11,0,8,0,0,0,0,3,0,10,0,0,0,1,12,2,10,13,0,0,0,4,0,10,0,1,0
67,2,0,0,0,16,0,0,1,1,0,0,17,0,0,3,3,0,2,17,0,0,2,0,0,0,17,0,0,0,0,0,0,0,0,0,1,1,0,0,17,0,0
68,0,0,0,0,0,15,0,0,0,0,0,0,15,0,0,1,0,2,0,15,0,0,0,0,0,0,15,0,0,1,0,1,1,15,0,0,0,0,0,0,14,0
69,0,1,0,0,0,0,0,0,0,0,0,0,0,1,2,1,0,0,0,0,1,0,0,0,0,0,0,1,4,4,2,3,3,0,0,0,0,0,0,0,0,0
