,KNN_1,KNN_2,KNN_3,KNN_4,KNN_5,KNN_6,KNN_7,QDA_1,QDA_2,QDA_3,QDA_4,QDA_5,QDA_6,QDA_7,LR_1,LR_2,LR_3,LR_4,LR_5,LR_6,LR_7,RF_1,RF_2,RF_3,RF_4,RF_5,RF_6,RF_7,SVC_1,SVC_2,SVC_3,SVC_4,SVC_5,SVC_6,SVC_7,LDA_1,LDA_2,LDA_3,LDA_4,LDA_5,LDA_6,LDA_7
0,30,0,1,0,14,0,0,38,0,1,0,17,0,0,0,0,0,0,2,0,0,24,0,1,0,12,0,0,22,0,1,0,7,0,0,35,15,1,14,17,0,2
1,0,20,0,12,0,0,1,0,25,0,15,0,0,3,10,11,0,3,1,0,1,0,13,0,10,0,0,0,0,8,0,7,0,0,0,2,11,0,1,0,0,1
2,0,0,12,0,0,5,0,0,0,15,0,0,14,0,1,0,5,0,0,3,0,0,0,9,0,1,4,0,0,0,11,0,0,5,0,1,0,8,0,0,4,0
3,0,6,0,3,0,0,2,0,0,0,0,0,0,0,7,4,0,2,4,0,1,0,11,0,5,0,0,3,0,10,0,7,0,0,2,0,0,0,0,0,0,0
4,8,0,0,0,3,0,0,0,0,0,0,0,0,0,19,1,1,9,10,0,1,13,0,0,0,4,0,0,16,0,0,0,10,0,0,0,0,0,0,0,0,0
5,0,0,4,0,0,10,0,0,1,1,0,0,1,0,0,0,11,0,0,12,0,1,0,7,0,0,11,0,0,0,5,0,0,10,0,0,0,8,0,0,11,0
6,0,0,0,0,0,0,0,0,0,0,0,0,0,0,1,10,0,1,0,0,0,0,2,0,0,0,0,0,0,8,0,1,0,0,1,0,0,0,0,0,0,0
7,29,0,0,0,14,3,1,37,1,0,0,17,3,1,5,0,0,0,4,0,0,28,0,0,0,13,3,0,27,1,0,0,12,2,0,33,8,0,8,17,4,2
8,0,18,0,10,0,0,2,0,24,0,14,0,0,2,12,5,0,2,1,1,1,1,12,0,6,0,0,2,0,10,0,1,0,0,0,4,18,0,7,0,0,1
9,0,0,13,0,0,6,0,0,1,4,0,0,0,0,2,0,13,0,0,1,0,0,0,9,0,0,7,0,0,0,10,0,0,2,0,1,0,14,0,0,4,0
10,0,7,0,3,0,0,0,0,0,0,0,0,0,0,5,1,0,3,5,1,0,0,12,0,6,0,0,0,0,8,0,6,0,0,0,0,0,0,0,0,0,0
11,9,1,0,0,3,0,0,1,0,0,0,0,0,0,12,2,0,4,7,2,1,8,1,0,0,4,0,1,11,0,0,0,5,1,1,0,0,0,0,0,0,0
12,0,0,4,0,0,6,0,0,0,13,0,0,12,0,0,0,4,0,0,10,0,1,0,8,0,0,5,0,0,0,7,0,0,10,0,0,0,3,0,0,7,0
13,0,0,0,2,0,0,0,0,0,0,1,0,0,0,2,18,0,6,0,0,1,0,1,0,3,0,0,0,0,7,0,8,0,0,2,0,0,0,0,0,0,0
14,34,1,1,0,15,0,0,34,1,1,0,17,0,0,5,1,0,3,2,0,0,25,1,1,0,9,0,0,24,1,1,0,10,0,0,34,9,1,8,17,1,3
15,0,18,0,13,0,0,3,0,25,0,15,0,0,3,9,3,0,2,2,0,2,1,17,0,11,1,0,1,0,6,0,3,0,0,0,3,17,0,7,0,0,0
16,0,0,8,0,0,4,0,0,0,14,0,0,14,0,1,0,8,0,0,2,0,0,0,5,0,1,4,0,0,0,7,0,0,4,0,1,0,10,0,0,6,0
17,0,7,0,2,0,0,0,0,0,0,0,0,0,0,3,3,0,2,7,0,1,1,7,0,2,0,0,1,0,7,0,5,0,0,1,0,0,0,0,0,0,0
18,4,0,0,0,2,0,0,4,0,0,0,0,0,0,17,2,1,1,6,1,0,9,0,0,0,5,0,0,14,0,0,0,7,0,0,0,0,0,0,0,0,0
19,0,0,8,0,0,11,0,0,0,2,0,0,1,0,0,0,8,0,0,12,0,2,0,11,0,1,11,0,0,0,9,0,0,11,0,0,0,6,0,0,8,0
20,0,0,0,0,0,0,0,0,0,0,0,0,0,0,3,17,0,7,0,0,0,0,1,0,2,0,0,1,0,12,0,7,0,0,2,0,0,0,0,0,0,0
21,33,1,0,0,14,1,0,38,2,0,0,17,1,0,0,0,0,5,3,0,1,27,1,0,0,11,1,0,28,7,8,0,0,1,1,36,11,0,14,17,1,2
22,0,18,0,7,0,0,0,0,24,0,15,0,0,2,1,15,0,1,0,0,1,0,16,0,10,0,0,1,0,0,0,0,0,0,0,1,15,0,1,0,0,1
23,0,0,13,0,0,4,0,0,0,15,0,0,5,0,1,0,3,0,0,2,0,0,0,9,0,0,5,0,5,2,9,0,0,0,0,1,0,6,0,0,4,0
24,0,6,0,8,0,0,3,0,0,0,0,0,0,0,6,2,0,5,11,0,0,0,8,0,5,0,0,2,0,5,0,7,9,0,0,0,0,0,0,0,0,0
25,5,1,0,0,3,0,0,0,0,0,0,0,0,0,20,3,0,3,3,0,0,11,1,0,0,6,0,0,0,5,0,4,6,0,0,0,0,0,0,0,0,0
26,0,0,4,0,0,10,0,0,0,2,0,0,9,0,0,0,14,0,0,12,0,0,0,8,0,0,9,0,0,0,0,1,1,14,0,0,0,11,0,0,10,0
27,0,0,0,0,0,0,0,0,0,0,0,0,0,1,10,6,0,1,0,1,1,0,0,0,0,0,0,0,5,7,0,3,1,0,2,0,0,0,0,0,0,0
28,31,0,1,0,10,0,0,38,0,1,0,17,0,0,3,0,0,0,2,0,0,27,0,0,0,10,0,0,29,3,8,0,1,0,2,31,12,1,8,17,1,1
29,0,19,0,9,0,0,1,0,27,0,14,0,0,2,6,14,0,6,0,0,2,1,18,0,8,0,0,1,0,0,0,0,0,0,0,6,15,0,6,0,0,2
30,0,0,10,0,0,8,0,0,0,14,0,0,14,0,1,0,6,0,0,1,0,1,0,8,0,0,4,0,1,6,7,0,0,0,0,1,0,10,0,0,6,0
31,0,8,0,5,0,0,2,0,0,0,0,0,0,0,6,4,0,1,7,0,0,0,5,0,5,0,0,1,1,4,0,3,2,0,0,0,0,0,0,0,0,0
32,7,0,0,0,7,0,0,0,0,0,0,0,0,0,14,2,1,4,6,1,0,9,0,1,0,7,0,0,0,8,0,6,12,0,0,0,0,0,0,0,0,0
33,0,0,5,0,0,8,0,0,0,1,0,0,2,0,0,0,9,0,0,14,0,0,0,7,0,0,12,0,0,2,0,1,0,16,0,0,0,5,0,0,9,0
34,0,0,0,0,0,0,0,0,0,0,0,0,0,1,8,7,0,3,2,0,1,0,4,0,1,0,0,1,7,4,1,4,2,0,1,0,0,0,0,0,0,0
35,32,1,1,1,14,0,0,38,2,2,1,16,0,0,3,1,0,1,1,0,0,22,1,0,1,11,0,0,28,2,1,1,10,0,0,36,14,2,12,16,2,2
36,0,19,0,11,1,0,2,0,25,0,14,0,0,3,2,4,1,4,3,0,1,1,17,0,6,0,0,1,0,11,0,2,0,0,0,2,13,0,3,0,0,1
37,0,0,9,0,0,10,0,0,0,13,0,0,14,0,1,0,7,0,1,3,0,0,0,10,0,0,9,0,0,0,10,0,0,9,0,0,0,11,0,0,6,0
38,0,6,0,3,0,0,1,0,0,0,0,0,0,0,12,6,0,2,6,0,1,1,8,0,6,0,0,1,0,10,0,11,0,0,0,0,0,0,0,0,0,0
39,6,1,1,0,1,0,0,0,0,0,0,0,0,0,19,3,1,6,5,2,0,13,1,2,0,4,0,0,10,0,1,0,6,0,0,0,0,0,0,0,0,0
40,0,0,5,0,0,6,0,0,0,1,0,0,2,0,0,0,7,0,0,11,0,1,0,4,0,1,7,0,0,0,4,0,0,7,0,0,0,3,0,0,8,0
41,0,0,0,0,0,0,0,0,0,0,0,0,0,0,1,13,0,2,0,0,1,0,0,0,2,0,0,1,0,4,0,1,0,0,3,0,0,0,0,0,0,0
42,27,0,0,0,16,1,0,38,0,0,0,17,1,0,2,0,0,2,1,0,0,23,0,0,0,12,1,0,29,7,5,3,1,1,1,36,13,0,8,17,2,1
43,0,15,0,7,0,0,2,0,25,0,15,0,0,2,1,12,0,7,0,0,1,0,14,0,9,0,0,0,0,0,0,0,0,0,0,1,13,0,7,0,0,1
44,0,0,12,0,0,5,0,0,0,15,0,0,6,0,1,0,6,0,0,2,0,1,0,9,0,0,9,0,2,2,11,0,0,0,0,1,0,10,0,0,4,0
45,0,11,0,8,0,0,0,0,0,0,0,0,0,0,5,2,0,0,3,0,1,0,11,0,5,0,0,2,0,4,0,6,4,0,0,0,0,0,0,0,0,0
46,11,0,0,0,1,0,0,0,0,0,0,0,0,0,22,4,0,5,10,2,0,14,0,0,0,5,0,0,0,7,0,2,8,2,0,0,0,0,0,0,0,0
47,0,0,4,0,0,10,0,0,1,1,0,0,9,0,0,0,10,0,0,12,0,0,0,7,0,0,6,0,0,3,0,0,3,13,0,0,0,6,0,0,10,0
48,0,0,0,0,0,0,0,0,0,0,0,0,0,0,7,8,0,1,3,0,0,0,1,0,1,0,0,0,7,3,0,4,1,0,1,0,0,0,0,0,0,0
49,33,0,0,1,15,0,0,38,0,0,1,17,0,0,2,0,0,0,2,0,0,27,0,0,1,12,0,0,24,10,6,0,0,0,1,34,9,0,14,17,0,2
50,0,19,0,9,0,0,2,0,26,0,14,0,0,3,3,17,0,1,0,0,1,1,9,0,10,0,0,2,0,0,0,0,0,0,0,3,17,0,1,0,0,1
51,0,0,12,0,0,12,0,0,0,16,0,0,11,0,1,0,3,0,0,4,0,1,0,10,0,0,9,0,4,3,10,0,0,0,0,1,0,6,0,0,7,0
52,0,7,0,5,0,0,1,0,0,0,0,0,0,0,6,4,0,2,7,0,2,0,15,0,3,0,0,1,4,4,0,4,1,0,0,0,0,0,0,0,0,0
53,5,0,0,0,2,0,0,0,0,0,0,0,0,0,17,2,0,7,8,0,0,9,0,0,0,5,0,0,0,4,0,8,12,0,0,0,0,0,0,0,0,0
54,0,0,4,0,0,3,0,0,0,0,0,0,4,0,0,0,13,0,0,11,0,0,0,6,0,0,6,0,0,1,0,2,2,15,0,0,0,10,0,0,8,0
55,0,0,0,0,0,0,0,0,0,0,0,0,0,0,9,3,0,5,0,0,0,0,2,0,1,0,0,0,6,4,0,1,2,0,2,0,0,0,0,0,0,0
56,30,1,0,0,15,0,0,38,1,0,0,17,0,0,3,0,0,1,2,0,0,25,1,0,0,13,0,0,29,3,9,0,1,0,2,35,11,0,12,17,2,1
57,0,20,0,13,0,0,2,0,24,0,14,0,0,3,2,15,0,3,0,0,2,0,17,0,13,0,0,0,0,0,0,0,0,0,0,2,15,0,3,0,0,2
58,0,0,11,0,0,8,0,0,0,13,0,0,12,0,1,0,9,0,0,2,0,0,0,11,0,0,6,0,3,5,7,0,0,0,0,1,0,12,0,0,6,0
59,0,4,0,2,0,0,1,0,0,0,0,0,0,0,8,3,0,4,6,0,1,0,7,0,2,0,0,1,0,2,0,4,2,0,0,0,0,0,0,0,0,0
60,8,0,0,0,2,0,0,0,0,0,0,0,0,0,18,2,0,4,8,2,0,13,0,0,0,4,0,0,0,7,0,6,12,0,0,0,0,0,0,0,0,0
61,0,0,5,0,0,7,0,0,1,3,1,0,3,0,0,0,7,0,0,11,0,0,0,5,0,0,9,0,0,1,0,1,0,15,0,0,0,4,0,0,7,0
62,0,1,0,0,0,0,0,0,0,0,0,0,0,0,6,6,0,3,1,0,0,0,1,0,0,0,0,2,6,8,0,4,2,0,1,0,0,0,0,0,0,0
63,32,0,0,0,16,0,1,37,1,0,0,17,0,1,1,0,0,0,2,0,0,28,0,0,0,12,0,1,31,7,5,2,0,0,2,35,11,0,11,17,1,1
64,0,13,0,10,0,0,1,0,25,0,15,0,0,2,2,14,0,3,0,0,2,0,11,0,8,0,0,0,0,0,0,0,0,0,0,2,15,0,4,0,0,2
65,0,0,14,0,0,8,0,0,0,16,0,0,12,0,0,0,7,0,0,3,0,0,0,12,0,0,8,0,0,4,12,0,0,0,0,0,0,10,0,0,4,0
66,0,12,0,5,0,0,1,0,0,0,0,0,0,0,3,4,0,1,4,0,0,0,14,0,5,0,0,1,0,5,0,5,8,0,0,0,0,0,0,0,0,0
67,5,1,0,0,1,0,0,0,0,0,0,0,0,0,26,1,0,6,9,1,1,9,1,0,0,5,0,0,0,5,0,4,7,0,0,0,0,0,0,0,0,0
68,0,0,3,0,0,7,0,0,0,1,0,0,3,0,0,0,10,0,0,11,0,0,0,5,0,0,7,0,0,1,0,0,1,15,0,0,0,7,0,0,10,0
69,0,0,0,0,0,0,0,0,0,0,0,0,0,0,5,7,0,5,2,0,0,0,0,0,2,0,0,1,6,4,0,4,1,0,1,0,0,0,0,0,0,0
