,y_val,KNN_pred,QDA_pred,LR_pred,RF_pred,SVC_pred,LDA_pred
1837,0,4,0,1,4,0,0
161,2,2,2,5,5,5,5
336,0,0,0,3,0,4,0
1084,0,4,0,1,4,4,0
1462,1,1,5,1,3,1,0
1044,4,0,0,4,0,4,0
721,3,1,1,4,3,1,0
1245,3,3,1,1,3,1,0
654,3,1,1,3,1,3,0
1056,4,0,0,4,0,4,0
1857,0,0,0,4,0,0,0
1078,0,0,0,1,4,4,0
584,5,5,5,2,5,5,2
667,5,2,2,5,5,2,5
1212,4,4,0,3,4,4,0
1401,0,0,0,4,0,0,0
1004,2,2,2,5,2,2,5
939,0,0,0,4,4,0,0
637,0,0,0,4,4,0,0
457,0,0,0,6,0,0,1
545,3,1,1,6,1,6,1
739,2,2,2,5,2,2,5
756,3,1,1,4,1,1,0
1572,2,2,2,5,5,2,2
360,2,0,0,4,0,0,0
396,0,0,0,4,0,0,0
1621,0,0,0,1,0,4,1
862,5,5,2,5,2,5,5
1064,5,5,2,5,5,5,2
370,0,0,0,1,0,0,0
297,3,1,1,4,1,3,0
184,4,0,0,4,0,4,0
1251,1,1,1,6,6,6,1
1443,1,3,1,1,3,3,0
28,0,0,0,4,0,0,0
361,0,0,0,4,4,0,0
719,1,3,1,6,3,3,1
981,0,0,0,3,0,0,0
1423,2,2,2,5,2,2,5
1433,2,2,2,5,5,2,2
385,2,2,2,2,2,5,2
772,0,0,0,4,0,0,0
1479,0,0,0,4,0,0,0
815,2,5,2,5,5,2,5
536,1,1,1,1,1,6,0
727,0,4,0,4,4,4,0
901,0,0,0,1,4,4,0
129,0,0,0,4,0,0,0
493,0,0,0,4,0,4,0
1096,4,0,0,4,4,4,0
1464,0,0,0,4,0,0,0
1743,2,2,2,5,2,2,2
1009,4,0,0,4,0,4,0
1371,4,0,0,3,2,0,0
411,1,1,1,1,1,3,0
682,0,4,0,4,0,4,0
1772,0,0,0,4,0,0,0
208,2,2,2,5,2,2,5
599,0,0,0,3,0,0,0
1497,0,0,0,3,5,0,0
287,1,1,1,1,6,6,0
977,4,0,0,4,0,0,0
1477,1,1,1,6,3,6,1
458,0,4,0,3,0,4,0
1712,2,2,2,5,2,2,5
1283,1,3,1,3,3,3,0
1040,1,3,1,3,3,3,0
1322,2,2,2,2,5,5,2
209,5,2,2,5,2,5,5
577,1,1,1,6,1,3,1
363,5,5,2,2,5,5,2
626,1,1,1,6,1,6,1
638,0,0,0,1,0,0,0
906,3,1,1,4,1,1,0
1531,3,1,1,1,1,1,0
1427,6,1,1,1,3,3,1
666,0,0,0,1,0,4,0
668,2,2,2,2,2,2,2
768,3,1,1,3,1,3,0
615,0,0,0,4,4,4,0
1140,0,4,0,4,4,4,0
1154,1,1,1,6,3,6,1
762,5,5,2,5,5,5,5
171,1,1,1,6,1,1,1
1071,0,0,0,1,4,4,0
144,1,1,1,1,1,1,0
1715,1,1,1,1,3,3,0
1595,5,5,2,5,5,5,5
899,0,0,0,4,0,0,0
456,1,3,1,1,3,1,0
1117,0,0,0,1,4,0,0
1012,0,0,0,3,0,0,0
972,4,0,0,3,0,0,0
1257,0,4,0,3,0,4,0
765,1,1,1,4,1,1,0
1363,2,5,2,5,5,5,5
573,1,1,1,1,1,6,0
954,1,1,1,3,3,6,0
1252,1,1,1,1,1,1,1
408,0,4,0,2,4,4,2
106,1,1,1,1,1,3,0
228,1,3,1,6,3,1,1
1428,0,0,0,4,0,4,0
550,4,0,0,4,4,4,0
798,3,1,1,4,1,3,0
476,5,5,2,5,5,2,5
494,1,1,1,6,1,1,1
1171,4,0,0,3,4,0,0
1281,1,1,1,3,1,3,0
1021,2,5,2,2,5,2,2
378,1,1,1,6,1,3,1
1178,5,2,2,5,2,2,5
82,5,5,2,5,5,5,5
1521,3,1,1,4,1,1,0
358,3,3,1,4,3,3,0
1426,4,0,0,4,0,4,0
17,3,1,1,4,3,3,0
539,2,5,5,2,2,5,2
213,4,0,0,4,0,0,0
265,5,5,2,5,2,5,5
1842,5,2,2,5,5,2,5
1765,4,4,0,0,0,4,0
1224,3,1,1,4,1,1,0
603,3,3,1,1,3,3,0
261,5,5,2,2,5,5,2
1856,4,0,0,1,0,0,0
828,4,0,0,0,0,0,0
1018,6,3,1,3,3,3,0
202,5,2,2,5,5,2,5
254,4,4,0,4,0,4,0
1594,6,3,1,4,3,6,0
1201,0,0,0,0,0,0,0
24,0,4,0,4,0,0,0
980,0,0,0,3,0,0,0
1667,0,0,0,4,0,0,0
1510,0,4,0,2,4,4,0
1355,0,0,0,0,4,0,0
1713,1,1,1,6,3,3,1
142,0,0,0,4,4,4,0
262,0,4,0,4,4,4,0
181,0,0,0,1,0,0,1
470,0,0,4,1,0,4,0
489,1,1,1,6,1,3,1
569,0,0,0,0,4,0,0
1226,0,0,0,4,0,0,0
1080,0,4,0,1,0,0,0
1502,1,1,1,6,6,6,1
1039,0,0,0,4,0,0,0
285,0,4,0,2,0,4,2
1775,0,0,0,1,0,0,1
1418,0,0,0,1,0,0,0
307,0,4,0,1,0,4,0
1480,0,0,0,0,4,0,0
1848,1,3,1,1,3,1,0
963,2,2,5,5,2,5,5
1473,1,3,1,6,3,6,1
1243,0,0,0,1,0,0,0
274,1,1,1,6,1,1,1
968,0,4,0,3,0,0,0
967,0,0,0,4,0,4,0
594,0,0,0,4,0,0,0
418,0,0,0,4,0,4,0
1567,2,2,5,2,2,2,2
428,1,1,1,6,3,1,1
52,0,0,0,1,0,4,0
661,0,0,0,3,0,0,0
636,2,2,2,5,2,2,5
1833,0,0,0,1,0,0,0
311,1,4,0,4,4,0,0
193,0,0,0,6,0,0,1
40,0,4,0,1,4,0,0
54,0,0,0,6,0,0,1
1656,0,0,0,0,0,0,0
1429,1,3,1,6,1,6,1
1027,2,5,5,2,5,5,2
223,1,1,1,1,1,1,0
1437,5,5,5,4,5,5,0
194,0,4,0,4,0,4,0
1161,1,1,1,6,1,6,1
891,1,1,1,6,1,3,1
1026,5,2,5,5,2,5,5
877,5,5,5,5,2,5,5
717,0,0,0,4,0,0,0
122,0,0,0,3,4,4,0
1564,2,5,5,2,5,5,2
628,0,0,0,4,0,0,0
838,0,0,0,1,0,0,0
206,1,1,1,1,3,1,0
253,0,0,0,3,1,0,0
1633,0,0,0,1,5,0,0
1017,3,1,1,6,3,6,1
164,5,5,5,5,2,5,2
1812,5,2,5,5,5,2,5
1092,1,1,1,6,1,6,1
905,3,3,1,4,3,3,0
178,1,1,1,6,3,3,1
376,1,1,2,3,1,1,0
1090,4,0,0,0,4,0,0
279,4,0,0,3,0,0,0
31,3,3,1,4,3,3,0
1559,4,4,0,4,0,0,0
1203,4,0,0,4,0,4,0
1182,2,2,5,2,2,5,2
904,2,2,5,2,5,2,2
930,5,5,5,5,5,5,5
1006,3,1,1,1,3,6,0
1781,5,0,0,3,0,0,0
857,2,5,5,2,5,5,2
1550,1,3,1,6,3,3,1
1189,1,3,1,6,3,3,1
1067,1,3,1,6,3,3,1
575,4,4,0,4,4,4,0
305,1,1,1,4,3,1,0
888,4,0,0,3,0,0,0
1225,3,1,1,4,1,3,0
1352,2,2,5,2,2,2,2
319,3,1,1,1,1,3,1
356,4,0,0,4,4,0,0
657,2,2,2,2,2,2,2
1193,6,0,0,4,4,4,0
486,1,1,1,6,1,1,1
512,3,3,1,3,3,3,0
1835,4,0,0,3,0,0,0
1167,2,2,5,2,5,2,2
931,3,6,1,6,6,6,1
1152,5,2,5,5,2,2,2
1551,2,5,5,2,5,5,2
45,3,1,1,3,3,1,0
60,5,2,5,5,2,5,5
1849,5,2,5,5,2,5,2
780,4,0,0,0,0,4,0
1859,2,2,5,5,2,2,5
158,1,3,1,6,1,6,1
849,4,0,0,3,0,0,0
686,3,1,1,6,1,6,1
895,3,1,1,3,6,6,0
462,2,2,2,2,2,2,2
1557,1,1,1,1,1,1,0
1313,2,2,5,2,5,5,2
1053,1,1,1,1,3,1,0
105,5,5,5,5,5,5,5
1553,5,0,0,4,0,4,0
1604,5,0,0,1,0,0,0
1578,5,2,5,5,2,5,5
1447,4,0,0,0,0,0,0
103,4,0,0,4,0,0,0
198,1,1,1,6,1,6,1
1855,3,6,6,6,6,6,1
1081,4,0,0,4,0,0,0
840,5,5,5,2,5,5,2
1051,1,1,1,6,3,3,1
788,4,0,0,1,0,0,0
641,6,1,1,1,1,6,0
1822,4,4,0,3,4,4,0
497,2,2,5,5,5,2,2
1335,4,0,0,4,0,0,0
180,3,1,1,4,1,3,0
1586,2,2,2,2,2,2,2
1629,4,0,0,0,0,4,0
1074,3,1,1,6,1,6,1
630,3,1,1,6,1,6,1
149,6,1,1,6,1,6,1
611,0,0,0,3,0,4,0
1685,0,0,0,1,0,0,0
1542,0,0,0,4,4,4,0
353,0,0,0,1,0,0,0
1516,0,0,0,4,0,4,0
453,0,0,0,4,4,4,0
986,0,0,0,6,0,4,1
522,0,4,4,4,4,4,0
1047,0,4,0,1,4,0,0
386,0,0,4,4,0,4,0
1777,0,0,0,4,0,0,0
634,0,0,0,1,4,0,0
484,0,0,0,1,4,0,0
600,0,0,0,0,0,0,0
1650,0,0,0,4,0,0,0
23,0,0,0,4,0,4,0
367,0,0,0,4,0,0,0
1511,0,0,0,6,0,0,1
1718,0,0,0,2,4,0,2
578,0,0,0,0,0,0,0
1568,0,0,4,1,0,4,0
250,0,0,0,6,0,0,1
1569,0,0,0,4,0,4,0
6,0,0,0,3,1,0,0
796,0,0,0,0,4,0,0
870,0,4,0,4,4,0,0
1231,0,0,0,3,0,0,0
708,0,0,0,0,5,4,0
1268,0,0,0,4,0,0,0
1379,0,0,0,1,0,0,0
619,0,0,0,4,3,0,0
949,0,0,0,0,0,0,0
226,0,0,0,1,0,0,0
1264,0,0,0,4,0,0,0
1440,1,1,1,1,1,1,0
564,1,1,1,6,3,6,1
802,0,0,0,1,0,0,0
415,1,1,1,3,1,1,0
855,1,1,1,6,1,3,1
58,0,0,0,4,5,4,0
314,0,4,0,4,0,4,0
835,5,5,2,5,5,5,5
979,1,1,1,1,3,6,0
1681,5,5,2,5,5,5,2
1719,4,0,0,3,0,0,0
799,0,0,4,4,0,4,0
335,5,5,2,5,5,5,5
324,5,2,2,5,2,2,5
547,5,2,2,5,2,2,2
1235,1,1,1,6,1,6,1
1728,2,5,5,2,5,5,2
8,4,0,0,0,0,4,0
1707,2,0,0,4,0,0,0
1303,1,1,1,4,1,3,0
281,4,0,0,3,1,0,0
1653,5,2,2,5,2,2,5
1244,1,3,1,6,3,6,1
339,5,5,2,5,5,5,5
691,2,5,2,5,5,2,5
1536,5,5,2,5,5,5,2
131,1,3,1,6,3,3,1
1582,1,1,1,6,1,6,1
1270,1,3,1,3,3,3,0
733,3,1,1,0,1,3,0
881,3,1,1,6,1,6,1
284,2,2,2,5,5,5,5
1606,4,4,0,3,2,4,0
1816,4,0,0,3,0,4,0
726,3,1,1,0,1,1,0
1782,2,5,5,2,5,5,2
988,2,2,2,5,2,2,5
141,1,1,1,6,1,6,1
1716,3,1,1,6,1,6,1
1641,3,1,1,3,1,3,0
1304,2,2,2,5,2,2,5
482,1,1,1,6,1,1,1
1840,2,2,2,2,5,2,2
18,5,5,2,5,5,5,2
1198,4,0,0,3,5,4,0
1126,4,0,0,4,4,0,0
689,3,1,1,1,3,1,0
1610,4,4,0,3,0,4,0
561,4,0,0,4,4,4,0
693,3,1,1,6,1,6,1
1508,1,0,0,4,0,0,0
818,1,1,1,3,1,3,0
71,3,1,1,1,1,1,0
16,3,3,1,3,3,3,0
1389,3,1,1,4,1,3,0
1323,5,2,2,5,2,2,5
72,1,1,1,6,1,6,1
510,4,0,0,1,4,0,0
369,1,3,1,6,6,6,1
863,5,5,2,2,5,5,2
36,2,5,2,2,5,5,2
326,5,5,5,4,5,5,0
1227,1,1,1,6,1,1,1
235,1,1,1,6,1,6,1
1674,1,1,1,6,1,6,1
1155,4,0,0,1,0,0,0
425,2,5,2,5,5,5,5
776,1,3,1,1,3,1,0
1317,1,1,1,0,1,1,0
1380,1,3,1,6,3,3,1
1770,5,5,2,2,5,5,2
1170,4,0,0,4,0,4,0
355,3,1,1,6,1,6,1
858,5,5,2,5,5,5,5
754,3,1,1,6,6,6,1
896,2,2,2,5,2,5,2
1014,1,1,1,6,1,3,1
1726,5,5,2,5,5,5,5
827,3,1,1,6,6,6,1
1195,4,0,0,4,0,0,0
1311,1,1,1,6,1,6,1
1239,4,0,0,0,4,0,0
84,1,3,1,6,1,6,1
354,2,2,2,2,2,2,2
1434,3,1,1,6,1,6,1
108,3,3,1,0,1,3,0
928,4,0,0,4,0,0,0
1346,6,1,1,3,3,3,0
955,6,1,1,1,6,6,0
744,4,0,0,4,4,0,0
1563,4,0,0,3,0,0,0
384,2,5,2,5,5,5,2
640,2,2,2,5,2,2,5
1752,6,1,1,1,1,6,0
1748,2,2,2,2,5,2,2
474,2,5,2,2,5,5,2
1813,2,5,2,2,5,5,2
1364,0,4,0,6,4,0,0
1795,0,0,0,4,4,0,0
94,0,0,0,4,4,6,0
1448,0,0,0,6,0,0,0
999,0,4,0,6,0,0,0
1114,0,0,0,4,0,6,0
412,0,0,0,4,0,0,0
645,0,0,0,3,0,0,0
563,0,0,0,4,4,0,0
22,0,0,0,4,0,0,0
811,0,0,0,4,0,0,0
632,0,4,0,4,0,0,0
373,0,0,0,6,0,0,0
681,0,4,0,4,4,2,0
924,0,0,0,3,0,0,0
1402,0,0,0,2,0,0,2
1007,0,0,0,4,4,0,0
372,0,0,0,6,0,0,0
718,0,0,0,6,0,2,0
1030,0,0,0,6,0,6,0
1179,0,0,0,4,0,0,0
1054,0,0,0,6,0,0,0
946,0,0,0,4,0,0,0
831,0,0,0,6,0,6,0
313,0,0,0,3,4,0,0
991,0,0,0,1,0,0,1
1489,0,0,0,4,4,2,0
224,5,5,5,5,5,5,5
1228,0,0,0,3,0,0,0
757,5,5,5,2,2,5,2
76,1,1,1,6,3,4,0
753,0,4,0,4,0,2,0
1832,1,3,1,1,3,0,1
761,0,0,0,4,0,0,0
500,0,0,0,3,0,2,0
684,1,1,1,1,1,0,1
460,5,2,2,5,2,5,5
1060,1,3,1,1,3,2,1
844,3,1,1,3,1,3,0
1722,5,5,5,5,5,5,5
487,0,0,0,4,4,0,0
1041,5,5,2,5,5,5,5
1699,3,3,1,4,3,4,0
1109,1,1,1,1,3,3,1
620,3,1,1,3,1,3,0
114,1,1,1,3,1,4,0
1305,1,1,1,1,1,4,1
1253,5,5,5,2,5,5,2
67,1,1,1,1,1,0,1
390,4,0,0,0,0,3,0
609,1,1,1,1,1,6,1
644,3,1,1,4,1,5,0
1394,0,0,0,4,0,0,0
1600,1,1,1,6,3,3,0
1792,5,5,5,5,2,5,5
1862,4,0,0,3,0,3,0
533,3,1,1,1,3,6,1
1141,0,0,0,4,4,0,0
1831,0,0,0,6,0,6,0
736,4,0,0,3,0,4,0
864,3,1,1,0,1,3,0
616,5,2,2,5,5,5,5
997,1,1,1,1,1,2,1
1100,0,0,0,4,0,0,0
764,4,0,0,4,0,4,0
1138,1,1,1,1,1,4,1
146,5,5,2,5,5,5,5
1612,4,4,0,3,4,3,0
938,1,3,1,1,1,0,1
112,0,0,0,4,0,0,0
642,3,3,1,0,1,3,0
104,0,0,0,3,4,0,0
926,5,2,5,5,2,5,2
876,3,3,1,4,1,6,0
471,1,0,0,4,0,6,0
1655,1,1,1,6,1,3,0
551,4,4,0,3,4,3,0
364,5,2,5,5,2,5,5
1768,1,1,1,1,1,6,1
59,2,2,2,5,2,0,5
908,4,0,0,3,0,3,0
424,3,3,1,0,1,3,0
1560,3,3,1,3,3,3,0
501,1,1,1,1,1,6,1
554,4,0,0,0,4,4,0
337,1,3,1,4,3,6,0
227,2,2,2,5,2,0,5
56,3,1,1,0,1,3,0
1104,1,1,1,6,1,6,0
1644,5,5,5,5,5,5,5
929,4,0,0,3,0,6,0
1549,5,5,2,5,5,5,5
404,5,5,5,5,5,5,2
1500,1,1,1,1,1,3,1
183,1,1,1,3,1,6,0
557,1,1,1,1,1,0,1
1643,5,0,0,6,0,0,0
1194,3,3,1,0,1,4,0
48,3,3,1,6,3,6,0
322,2,2,2,5,2,0,5
1811,1,1,1,6,1,3,0
1146,4,0,0,3,0,3,0
174,3,3,1,3,1,4,0
614,1,3,1,1,3,0,1
1852,1,3,1,6,3,4,0
775,2,2,2,5,2,2,2
656,1,4,0,4,4,0,0
157,4,0,0,4,0,4,0
1072,3,1,1,3,3,4,0
1240,4,0,0,3,4,3,0
1413,2,5,2,5,5,0,5
168,2,5,2,5,5,0,5
177,2,2,2,2,5,2,2
455,4,0,0,3,0,5,0
649,2,5,2,5,2,0,2
1809,4,0,0,0,0,3,0
552,2,2,2,5,5,0,5
576,6,3,1,6,3,6,0
201,4,0,0,3,0,3,0
1396,4,4,0,3,4,4,0
1639,6,3,1,0,1,6,0
53,2,2,2,5,2,2,5
50,2,2,2,5,2,2,5
192,6,3,6,1,3,0,1
295,2,2,2,5,5,2,5
1035,2,2,5,2,2,2,2
1236,4,0,0,4,4,4,0
1202,2,2,2,5,2,2,5
1590,2,2,2,5,5,2,2
1191,2,5,2,5,5,0,5
1216,2,2,5,2,5,2,2
767,0,4,0,1,4,6,1
1197,0,0,0,4,4,0,0
277,0,0,0,2,0,0,2
251,0,0,0,0,4,2,0
348,0,0,0,4,0,0,0
1057,0,0,0,3,0,0,0
233,0,0,0,1,0,0,1
1143,0,0,0,4,0,0,0
1157,0,0,0,4,0,0,0
437,0,0,0,6,0,0,0
951,0,4,0,0,0,0,0
221,0,0,0,4,0,0,0
173,0,4,0,1,4,0,1
318,0,0,0,6,0,6,0
1693,1,3,1,1,6,2,1
1036,5,5,2,5,5,5,5
447,0,0,0,4,0,6,0
1408,0,0,0,3,0,0,0
914,3,1,1,4,1,3,0
1866,0,0,0,4,0,3,0
175,5,2,2,5,5,5,5
1174,5,5,2,5,5,5,5
1458,1,1,1,1,6,4,1
1698,5,2,2,5,2,5,5
1374,0,0,0,4,4,0,0
1233,3,3,1,4,3,6,0
1242,3,1,1,1,1,6,1
268,3,1,1,1,6,4,1
242,5,2,2,5,2,5,5
210,0,0,0,4,0,6,0
1522,0,0,0,3,0,0,0
879,0,0,0,6,0,0,0
1223,5,2,2,5,2,5,2
1186,0,0,0,1,0,0,1
1436,0,0,0,3,1,0,0
526,0,0,0,3,4,0,0
1476,1,1,1,6,1,2,1
397,0,0,0,6,0,0,0
514,3,3,1,6,3,4,0
777,5,2,2,5,2,5,2
1851,1,1,1,6,1,4,0
925,0,4,0,6,4,0,0
976,1,1,1,1,1,6,1
674,0,4,0,3,4,0,0
74,0,0,0,1,0,6,1
1616,3,1,1,1,1,3,1
746,3,1,1,4,3,4,0
1301,0,0,0,4,0,0,0
1129,1,1,1,1,1,6,1
1526,3,1,1,1,1,4,1
1853,3,1,1,6,1,3,0
382,1,1,1,3,1,3,0
15,1,3,1,1,1,0,1
885,0,0,0,4,0,0,0
1780,0,0,0,4,0,0,0
85,0,4,0,6,2,0,0
664,0,4,0,1,0,6,1
1274,1,1,1,6,1,3,0
32,1,1,1,3,1,6,0
589,5,2,2,5,5,5,2
1398,0,0,0,6,0,6,0
907,5,5,5,4,5,5,0
1028,0,0,0,6,0,0,0
804,0,0,0,4,0,0,0
1184,1,1,1,3,1,3,0
833,6,3,1,1,3,0,1
1344,0,0,0,4,0,0,0
46,3,1,1,1,1,6,1
1717,1,1,1,1,1,3,1
1453,1,3,1,4,1,6,0
1230,1,3,1,1,3,4,1
1000,0,0,0,0,4,0,0
1548,1,1,1,3,1,4,0
1070,4,0,0,6,4,4,0
820,4,0,0,4,0,4,0
1439,1,1,1,1,1,0,1
204,4,4,0,3,4,3,0
1678,3,3,1,1,3,4,1
509,5,5,2,5,5,5,5
1858,1,1,1,6,1,0,0
846,5,5,2,2,5,5,2
1512,3,1,1,6,1,6,0
947,5,2,2,5,5,5,5
809,4,4,0,4,0,4,0
83,5,5,2,5,5,5,5
1020,4,4,0,3,0,6,0
934,3,3,1,4,1,4,0
1291,4,0,0,4,0,4,0
55,3,3,1,3,3,5,0
1605,4,0,0,3,0,4,0
1400,1,3,1,6,3,4,0
1188,4,4,0,3,4,4,0
1686,5,5,2,5,5,5,2
1441,1,1,1,6,1,4,0
49,1,1,1,1,1,2,1
1050,1,1,1,1,1,5,1
435,1,1,1,1,3,2,1
1065,1,3,1,1,3,4,1
1460,5,5,5,5,5,5,2
1404,2,2,2,5,2,0,5
135,2,0,0,4,4,6,0
1339,4,4,0,3,4,4,0
565,5,2,2,5,5,5,5
911,1,3,1,1,6,2,1
343,1,3,1,6,3,4,0
1839,1,1,1,1,6,2,1
245,2,2,2,5,5,0,2
1266,1,1,1,4,1,5,0
291,4,0,0,3,0,4,0
1456,2,5,2,5,5,0,5
449,6,1,1,6,1,6,0
1493,4,4,0,0,0,3,0
485,2,5,2,2,5,0,2
1218,2,2,2,5,2,2,2
1790,2,2,2,5,5,0,5
1585,2,2,2,5,2,0,2
1438,4,0,0,0,4,4,0
794,4,0,0,4,0,4,0
1773,4,4,0,3,4,6,0
62,4,0,0,4,4,4,0
86,2,5,5,2,5,2,2
994,2,5,2,2,5,2,2
1365,4,0,0,4,0,4,0
993,2,2,2,2,2,2,2
1761,6,3,6,1,6,0,1
515,2,2,2,2,2,0,2
1484,4,0,0,6,0,0,0
1679,2,2,2,5,2,2,5
410,2,2,2,5,2,2,2
1614,2,2,2,2,2,0,2
1119,2,5,2,5,5,2,5
1825,0,0,0,3,0,0,0
121,0,0,0,4,4,0,0
79,0,0,0,4,4,4,0
145,0,0,0,3,0,0,0
1763,0,0,0,3,0,0,0
568,0,0,0,1,0,0,0
1393,0,0,0,0,0,0,0
543,0,0,0,0,0,0,0
1108,0,0,0,3,4,0,0
983,0,4,0,1,4,0,1
992,3,1,1,3,1,3,0
399,0,4,0,4,4,4,0
219,0,4,0,4,0,4,0
648,0,0,0,3,1,0,0
520,0,0,0,4,0,0,0
1263,0,0,0,4,0,0,0
283,5,5,2,2,5,5,2
886,3,3,1,1,1,3,0
1735,0,0,0,4,0,0,0
1211,3,1,1,1,3,3,0
5,1,1,1,6,1,6,1
96,0,0,0,3,4,4,0
503,0,0,0,3,0,0,0
652,0,0,0,3,0,0,0
394,5,2,2,5,2,5,5
1068,5,2,2,5,5,2,2
531,0,0,0,0,0,0,0
30,0,4,0,3,4,0,0
302,1,1,1,6,1,6,1
151,1,1,1,3,1,1,0
1284,5,2,2,5,2,2,2
662,1,1,1,3,1,3,0
1706,0,4,0,3,0,0,0
1651,0,0,0,4,3,0,0
14,0,0,0,4,0,0,0
519,0,0,0,4,0,4,0
665,1,1,1,3,1,3,0
1069,5,5,2,2,5,5,2
755,3,1,1,0,3,3,0
1377,0,0,0,4,0,0,0
338,3,1,1,3,6,3,0
747,1,1,1,3,1,1,0
1702,1,1,1,6,1,6,1
1573,1,3,1,4,3,1,0
894,1,1,1,4,1,1,0
606,1,3,1,0,3,3,0
1627,1,3,1,6,3,6,1
33,3,1,1,4,1,3,0
1091,0,0,0,4,4,4,0
1561,5,5,5,4,5,5,0
380,1,3,1,1,3,1,0
315,4,0,0,3,0,0,0
987,0,0,0,4,0,0,0
1395,0,0,0,4,0,0,0
230,0,0,0,3,4,4,0
402,1,1,1,1,3,1,0
1666,5,2,2,5,2,2,5
368,4,0,0,4,4,0,0
694,4,0,0,3,4,0,0
710,1,1,1,6,1,3,1
1353,0,0,0,4,0,4,0
321,3,3,1,6,1,1,1
1620,4,0,0,4,0,4,0
1754,1,1,1,6,1,1,1
1238,0,0,0,4,4,0,0
873,1,1,1,6,1,3,1
1576,1,1,1,6,1,3,1
222,4,0,0,3,0,0,0
1724,4,0,0,3,4,4,0
1145,0,0,0,4,0,4,0
1589,1,1,1,6,1,3,1
41,1,1,1,3,3,1,0
1205,2,2,2,2,2,2,2
1690,1,1,1,1,1,1,0
1684,5,2,2,5,5,2,5
249,0,0,0,3,4,0,0
80,2,5,2,2,5,5,2
651,5,2,2,5,2,2,5
303,1,4,0,4,0,0,0
1316,0,4,0,4,4,4,0
1015,5,2,2,5,2,5,2
1420,0,0,0,6,0,0,1
585,1,1,1,6,1,1,1
1373,0,0,0,2,4,0,0
919,3,1,1,4,6,3,0
1628,1,1,1,6,1,1,1
1276,1,3,1,6,3,3,1
1349,0,0,0,4,5,0,0
450,1,0,0,1,4,0,0
1382,5,5,2,2,2,5,2
595,4,0,0,0,5,0,0
884,4,0,0,4,0,0,0
663,5,2,2,5,2,2,5
1486,6,1,1,3,1,6,0
1386,1,1,1,6,1,3,1
633,1,3,1,3,3,3,0
256,2,2,2,5,2,2,2
1829,2,2,2,2,2,2,2
1588,3,1,1,6,1,3,1
1527,5,5,5,4,5,5,0
406,2,2,2,5,2,2,5
389,3,0,0,4,0,0,0
1356,5,5,2,5,5,2,5
583,3,1,1,4,3,3,0
608,4,0,0,3,0,0,0
1416,3,1,1,1,3,1,0
1789,4,0,0,1,0,0,0
805,4,0,0,1,0,0,0
1571,2,2,2,2,2,2,2
548,5,2,2,5,2,2,5
593,5,2,2,5,2,2,5
77,2,4,0,4,4,4,0
216,3,3,1,4,3,3,0
613,4,0,0,1,0,4,0
537,3,1,1,4,1,3,0
185,2,5,2,2,5,5,2
1229,4,1,0,4,0,0,0
359,3,1,1,1,3,6,1
136,4,0,0,4,0,4,0
42,2,2,2,5,2,2,2
1597,4,4,0,2,0,4,0
1340,2,0,0,1,4,0,0
598,2,5,5,2,2,5,2
1745,4,0,0,3,4,4,0
789,2,2,2,5,2,2,5
1642,6,1,1,1,6,6,0
317,2,2,2,5,2,2,5
392,2,5,2,5,2,5,2
1348,2,2,2,5,5,2,2
760,2,5,2,2,5,2,2
1776,6,3,1,6,3,6,1
260,0,0,0,3,0,0,0
155,0,0,0,4,0,0,0
1290,0,0,0,6,4,6,0
865,0,4,0,2,0,0,2
264,0,0,0,4,2,0,0
631,0,0,0,4,0,0,0
1709,1,3,1,3,3,4,0
407,1,3,1,1,1,0,1
889,1,1,1,1,1,2,1
1234,1,1,1,4,1,5,0
118,1,3,1,1,3,0,1
1494,0,4,0,4,4,0,0
448,5,0,0,4,0,0,0
1177,0,4,0,4,4,0,0
782,0,4,0,4,4,6,0
1345,0,4,0,6,0,0,0
312,1,3,1,1,3,0,1
1645,1,3,1,1,3,0,1
1142,0,0,0,4,4,0,0
1774,0,0,0,4,0,0,0
639,1,1,1,6,1,4,0
365,0,0,0,3,4,0,0
1034,0,4,0,4,4,2,0
478,0,0,0,6,0,0,0
1488,0,4,0,4,4,6,0
434,0,0,0,4,0,0,0
246,0,4,0,6,4,0,0
477,1,1,1,4,1,3,0
1514,0,0,0,6,0,0,0
1732,0,0,0,4,4,0,0
1112,3,3,1,6,3,3,0
1111,3,3,1,1,1,6,1
92,1,1,1,1,6,0,1
1089,4,0,0,4,0,3,0
1482,3,3,1,1,3,6,1
1700,5,5,5,5,2,5,5
779,3,3,1,4,3,3,0
1607,0,0,0,3,0,0,0
1432,1,3,1,1,3,0,1
111,3,1,1,1,1,0,1
839,0,0,0,3,0,0,0
530,0,0,0,4,0,0,0
1623,3,1,1,0,3,3,0
893,1,1,1,6,1,3,0
444,1,3,1,4,3,6,0
852,0,0,0,6,0,0,0
1022,3,1,1,1,1,0,1
973,0,0,0,0,0,0,0
1814,3,1,1,4,1,3,0
229,5,2,2,5,2,5,5
1478,0,4,0,4,4,0,0
47,0,0,0,4,4,6,0
1093,0,0,0,4,0,6,0
1755,5,5,5,5,2,5,2
126,4,0,0,3,0,4,0
1662,3,1,1,4,1,3,0
813,5,5,5,5,5,5,5
1209,0,0,0,1,0,0,1
1505,3,1,1,0,1,4,0
1277,1,1,5,6,1,3,0
1785,0,0,0,4,4,0,0
812,4,0,0,4,0,4,0
78,0,4,0,4,0,6,0
1058,4,0,0,4,0,4,0
1847,3,3,1,1,3,6,1
1673,1,1,1,3,1,4,0
1517,5,5,2,5,5,5,5
892,0,0,0,4,0,0,0
63,5,5,5,2,5,4,2
90,5,5,5,5,5,5,5
1055,2,2,2,2,2,0,2
1425,5,5,5,4,2,5,0
1025,2,2,2,2,5,2,2
1125,1,3,1,1,3,0,1
1764,2,2,2,5,5,2,2
741,2,2,2,2,2,0,2
859,4,4,0,0,0,5,0
341,2,2,2,5,2,2,5
1037,1,3,1,6,3,5,1
1282,1,1,1,6,3,4,0
1562,5,5,5,5,5,5,5
495,2,2,2,5,2,0,5
1731,0,0,0,4,0,2,0
1148,2,2,2,5,5,0,2
1023,2,5,2,2,5,2,2
107,1,3,1,1,3,6,1
1739,1,1,1,1,1,4,1
1307,0,0,0,3,4,0,0
922,3,3,1,1,1,3,1
506,0,0,0,0,0,0,0
679,3,3,1,4,6,6,0
1120,0,0,0,6,0,0,0
88,5,2,2,5,2,5,5
344,0,0,0,4,0,6,0
1483,3,1,1,4,1,4,0
1185,3,3,1,1,1,0,1
57,5,2,2,5,2,5,2
1730,0,4,0,4,0,0,0
232,1,1,1,1,3,4,1
1626,1,3,1,1,1,2,1
87,2,5,2,5,5,2,5
1454,1,1,1,6,1,4,0
309,2,5,5,2,5,2,2
1325,4,0,0,4,0,4,0
680,1,1,1,6,1,3,0
822,4,0,0,4,0,3,0
1272,1,1,1,4,1,5,0
1598,1,1,1,6,1,6,0
270,6,1,1,3,3,6,0
1535,5,2,2,5,2,5,5
1658,5,2,2,5,2,5,5
498,5,5,5,5,2,5,5
1577,4,0,0,4,0,4,0
532,2,2,2,5,2,2,5
1207,6,1,1,1,3,0,1
1804,4,0,0,3,4,4,0
1306,2,2,2,5,2,2,5
725,5,5,5,2,5,4,2
1652,2,2,2,5,2,2,2
1472,2,2,2,5,2,0,5
123,4,0,0,4,4,4,0
1384,2,2,2,2,2,2,2
1845,4,0,0,6,0,6,0
1625,4,0,0,4,0,5,0
734,4,0,0,4,0,5,0
1596,2,5,2,5,5,2,2
1285,4,0,0,6,0,3,0
749,4,0,0,3,4,3,0
821,4,0,0,6,4,0,0
75,4,0,0,4,4,4,0
1280,0,4,0,6,0,6,0
1421,0,0,0,4,0,0,0
259,0,4,0,4,4,0,0
1475,3,1,1,4,1,5,0
1820,0,0,0,6,0,0,0
366,1,3,1,1,3,0,1
673,3,0,0,6,0,6,0
419,1,1,1,1,3,2,1
25,1,1,1,1,1,0,1
1720,1,3,1,1,3,0,1
1751,3,1,1,6,1,4,0
1385,0,0,0,1,0,6,1
1424,0,0,0,4,0,3,0
1786,1,1,1,4,3,3,0
1525,0,0,0,3,2,6,0
538,0,0,0,6,0,0,0
51,1,1,1,6,3,3,0
214,0,0,0,4,4,0,0
215,5,2,5,2,5,5,2
792,0,0,0,3,4,0,0
1139,0,0,0,3,0,2,0
1372,0,0,0,6,0,2,0
1381,5,2,2,5,2,5,5
1116,3,3,1,4,1,3,0
1554,0,0,0,4,0,6,0
388,1,3,1,3,3,6,0
781,0,4,0,3,4,0,0
1591,0,0,0,4,0,0,0
1742,1,1,1,6,1,4,0
1793,1,1,1,1,1,0,1
581,5,2,2,5,2,5,2
1159,1,3,1,1,3,5,1
1214,0,0,0,1,0,6,1
566,2,2,2,5,2,2,2
851,0,4,0,4,1,0,0
1032,3,3,1,4,1,4,0
1286,5,2,2,2,2,5,2
269,2,5,2,5,5,2,5
853,5,2,2,5,2,5,2
257,1,1,1,1,1,6,1
236,4,0,0,3,0,4,0
130,5,2,2,5,5,5,5
860,4,0,0,3,0,4,0
724,4,0,0,4,0,4,0
496,0,0,0,6,0,0,0
920,4,0,0,3,0,4,0
1850,4,0,0,4,4,4,0
841,0,0,0,4,4,0,0
1210,2,2,2,5,2,0,2
125,0,4,0,3,4,0,0
351,6,3,1,3,3,6,0
1265,2,5,2,5,2,2,5
1135,3,1,1,6,1,3,0
985,4,0,0,3,0,6,0
429,5,5,5,2,5,5,2
1490,0,0,0,6,0,0,0
436,1,1,1,3,1,6,0
1187,3,3,1,3,6,4,0
743,2,2,2,5,2,2,2
290,1,1,1,1,3,0,1
959,0,0,0,4,0,0,0
267,2,2,2,5,2,0,5
1351,0,0,0,4,4,2,0
1350,2,2,2,5,5,2,5
528,3,3,1,4,3,4,0
1164,0,0,0,1,0,0,1
218,1,1,1,1,6,2,1
1043,1,1,1,3,1,3,0
199,0,0,0,2,0,0,2
1312,1,1,1,1,3,3,1
1144,5,2,2,5,2,5,5
1318,2,2,2,5,2,2,5
234,1,3,1,1,3,0,1
1784,0,0,0,6,4,3,0
1538,4,0,0,4,0,4,0
701,4,0,0,0,4,5,0
687,1,1,1,1,1,0,1
1797,2,2,2,2,2,0,2
534,5,2,2,5,2,5,2
546,1,1,1,4,1,4,0
677,5,5,5,5,5,5,5
492,4,4,0,4,4,4,0
617,2,2,2,5,2,0,5
915,1,1,1,1,3,0,1
1701,2,5,2,5,5,2,5
488,0,0,0,4,0,0,0
1682,0,0,0,4,0,0,0
1314,1,1,1,1,3,4,1
137,1,1,1,1,1,0,1
1247,5,2,2,5,2,5,5
1744,1,1,1,3,3,6,0
468,5,2,2,5,5,5,5
1506,1,3,1,1,3,2,1
758,4,0,0,0,0,6,0
263,4,0,0,4,4,4,0
1723,2,2,2,5,2,2,5
678,3,3,1,4,3,4,0
1082,0,0,0,4,0,0,0
272,3,1,1,6,1,4,0
1451,0,0,0,4,0,3,0
187,0,0,0,4,0,0,0
1029,0,0,0,0,0,0,0
1757,1,3,1,6,3,4,0
176,1,1,1,1,6,0,1
742,2,2,2,5,5,2,5
98,0,0,0,6,0,6,0
115,5,2,5,2,5,5,2
266,3,1,1,6,3,3,0
952,2,2,2,2,5,0,2
974,5,5,2,5,2,5,5
567,2,5,2,2,5,2,2
163,0,0,0,0,4,0,0
984,4,0,0,3,0,4,0
1779,0,0,0,6,0,0,0
610,2,2,2,5,2,0,5
1106,3,1,1,3,1,4,0
580,4,0,0,4,0,4,0
150,4,4,0,4,4,4,0
1819,0,0,0,3,0,2,0
1105,3,1,1,4,1,3,0
1338,0,0,0,4,0,0,0
186,5,2,2,5,2,5,5
1289,4,0,0,3,0,4,0
1118,6,1,1,1,1,0,1
443,0,0,0,4,0,3,0
117,4,0,0,3,0,5,0
912,4,0,0,4,0,3,0
1411,3,1,1,1,1,4,1
433,3,1,1,4,1,5,0
113,6,1,1,3,1,6,0
381,1,1,1,3,1,6,0
1366,1,1,1,1,3,0,1
1843,1,1,1,1,1,2,1
400,1,1,1,1,3,4,1
570,5,2,2,5,2,5,2
1450,5,2,2,5,5,5,5
288,0,0,0,4,0,0,0
1292,2,2,2,5,2,2,2
1327,5,5,2,4,5,5,0
605,2,2,2,2,2,0,2
153,0,0,0,6,4,2,0
1073,5,5,5,4,5,5,0
1279,2,2,2,2,2,0,2
491,0,0,0,4,4,0,0
1113,4,0,0,4,0,0,0
1300,4,0,0,0,4,4,0
438,2,2,2,5,2,0,5
1150,1,3,1,1,3,2,1
1359,0,0,0,4,4,0,0
1710,2,5,5,5,5,0,5
1296,0,0,0,0,4,0,0
1278,0,0,0,4,0,6,0
1860,2,2,2,2,2,0,2
1221,2,5,2,2,2,2,2
738,1,6,1,1,6,6,1
1640,0,0,0,4,0,0,0
1657,5,2,2,5,2,5,2
7,1,1,1,3,1,4,0
612,1,1,1,6,1,4,0
1471,5,5,5,5,5,5,5
1156,5,5,5,2,5,5,2
1319,5,2,2,5,2,5,5
795,5,2,2,5,2,5,5
273,0,0,0,1,0,0,1
405,1,1,1,1,1,6,1
387,0,0,0,0,0,0,0
773,0,4,0,3,4,0,0
89,2,5,5,2,5,2,2
571,4,0,0,4,0,4,0
1130,0,0,0,3,0,0,0
720,0,0,0,6,0,6,0
730,2,2,2,2,5,0,2
225,1,1,1,6,1,6,0
1580,1,1,1,1,1,3,1
1163,0,0,0,3,0,0,0
2,0,0,0,4,4,0,0
465,4,0,0,3,4,6,0
1676,3,1,1,1,1,6,1
807,4,0,0,3,4,4,0
1095,3,1,1,6,1,6,0
10,4,4,0,6,0,4,0
586,4,0,0,4,0,4,0
553,5,2,2,5,2,5,2
540,0,0,0,4,0,0,0
320,0,4,0,4,4,0,0
156,2,5,5,2,5,0,2
128,5,5,2,5,5,5,2
1219,1,1,1,1,1,2,1
1293,3,1,1,1,1,4,1
672,3,1,1,4,1,4,0
61,0,0,0,4,0,0,0
690,2,2,2,2,2,0,2
138,4,0,0,3,0,4,0
1275,4,0,0,0,0,3,0
1422,2,2,2,2,5,2,2
709,1,1,1,4,1,6,0
1509,3,1,1,3,1,4,0
1660,3,3,1,3,3,3,0
1237,4,0,0,4,0,4,0
1260,1,1,1,1,1,2,1
1818,0,4,0,1,0,6,1
1406,1,1,1,1,1,6,1
960,1,1,1,1,1,4,1
1435,1,3,1,1,3,6,1
729,1,1,1,1,3,0,1
1331,2,2,2,5,2,2,5
330,2,2,2,5,2,2,2
1094,4,4,0,4,0,4,0
1446,1,3,1,4,1,4,0
1736,2,2,2,5,2,2,5
1636,4,0,0,3,0,4,0
1760,0,0,0,4,4,0,0
1183,4,0,0,4,0,4,0
1624,4,0,0,4,0,4,0
647,5,5,2,5,5,5,5
1011,2,5,2,5,2,0,2
423,3,1,1,0,1,6,0
1326,0,0,0,4,0,0,0
705,4,0,0,4,0,3,0
989,1,3,1,1,3,2,1
1196,0,0,0,6,4,0,0
1110,0,4,0,3,0,0,0
1412,5,2,2,5,5,5,5
771,0,0,0,4,0,0,0
34,0,0,0,0,0,0,0
966,1,1,5,3,1,3,0
97,4,0,0,3,4,4,0
1370,0,0,0,6,4,0,0
591,4,0,0,3,0,6,0
1333,5,5,2,2,5,5,2
95,3,1,1,6,1,4,0
1778,0,0,0,2,0,0,2
643,1,1,1,6,1,4,0
81,0,0,0,6,0,2,0
152,5,2,2,5,2,5,5
334,1,0,0,6,0,0,0
467,1,1,1,6,1,5,0
1288,0,0,0,4,0,0,0
1310,0,4,0,6,4,0,0
525,0,4,0,3,0,0,0
1824,0,0,0,4,0,0,0
1052,1,1,1,6,1,4,0
432,6,1,1,1,3,0,1
473,1,1,1,1,3,6,1
1206,0,4,0,3,4,2,0
975,0,0,0,4,0,6,0
695,0,4,0,3,4,6,0
790,0,0,0,4,0,6,0
1415,0,0,0,4,0,0,0
843,0,0,0,4,0,0,0
1294,3,1,5,1,1,3,1
759,0,0,0,3,0,0,0
1668,3,1,1,4,1,5,0
875,3,3,1,3,3,3,0
1523,3,1,1,3,1,3,0
73,3,1,1,4,1,4,0
1403,6,3,1,3,6,6,0
398,6,1,1,1,6,0,1
409,3,1,1,4,1,6,0
1444,3,1,1,6,1,4,0
91,2,5,5,2,2,2,2
731,2,2,2,2,2,2,2
1798,2,2,2,5,2,0,5
957,4,0,0,3,4,6,0
342,2,2,2,2,2,0,2
481,2,5,2,2,5,0,2
829,4,0,0,4,0,4,0
824,5,5,2,4,2,5,0
527,5,2,2,5,2,5,5
874,4,0,0,4,0,4,0
1865,4,0,0,4,0,4,0
12,2,2,2,2,2,2,2
1602,4,0,0,4,0,4,0
1518,1,1,1,6,3,0,0
880,4,0,0,4,4,3,0
962,5,5,2,5,2,5,5
953,5,2,2,5,2,5,5
529,1,3,1,1,3,0,1
786,2,2,2,2,2,0,2
653,5,5,2,5,5,5,5
1692,5,2,2,5,2,5,5
706,1,3,1,1,3,2,1
451,1,1,1,1,1,4,1
1592,4,4,0,4,0,4,0
1302,0,0,0,4,0,0,0
937,5,2,2,5,2,5,5
1817,1,3,1,1,1,0,1
1515,0,4,0,4,0,0,0
1540,1,1,1,1,3,4,1
1016,4,0,0,6,4,3,0
1162,0,4,0,4,0,0,0
702,0,0,0,4,4,0,0
1430,1,3,1,1,3,6,1
1630,0,0,0,4,0,0,0
1101,5,2,2,5,5,5,5
1659,0,0,0,4,4,0,0
1362,0,0,0,4,0,0,0
1199,5,2,2,5,2,5,5
1552,0,0,0,4,4,0,0
588,0,0,0,6,4,6,0
1581,1,3,1,3,3,3,0
422,1,1,1,3,1,3,0
1599,0,4,0,6,4,0,0
109,6,1,1,1,6,0,1
1208,4,0,0,4,0,3,0
808,0,0,0,4,0,0,0
1309,0,0,0,4,0,0,0
239,0,0,0,4,0,0,0
793,0,0,0,6,0,0,0
936,1,3,1,6,3,5,1
1343,1,1,1,1,3,6,1
1863,2,2,2,5,2,2,2
770,0,0,0,4,4,6,0
21,2,2,2,5,2,2,5
1530,3,3,1,1,3,0,1
697,3,1,1,4,1,3,0
511,0,0,0,4,0,0,0
1575,1,1,1,1,1,2,1
1410,1,1,1,3,1,4,0
147,0,0,0,6,0,0,0
618,5,2,2,5,5,5,2
323,0,0,0,4,0,0,0
1287,3,3,1,6,3,4,0
1694,0,0,0,0,0,0,0
965,1,1,1,6,1,3,0
1320,3,1,1,3,6,3,0
1794,5,5,5,5,5,5,5
1062,1,4,0,6,4,6,0
1010,1,3,1,1,3,6,1
331,3,1,1,4,3,6,0
1519,0,4,0,4,0,0,0
1771,4,0,0,3,0,3,0
167,1,1,1,1,3,0,1
1347,2,2,2,5,5,2,2
1295,1,3,1,3,3,0,0
1176,2,2,2,5,2,2,5
1166,1,3,1,6,3,4,0
1181,0,4,0,4,0,6,0
982,4,0,0,3,0,3,0
440,0,0,0,1,0,6,1
430,3,1,1,6,1,6,0
1086,3,1,1,4,1,6,0
1637,0,0,0,4,0,0,0
211,5,2,2,5,2,5,5
1455,0,0,0,4,0,0,0
803,1,3,1,1,1,0,1
1810,0,0,0,4,0,0,0
604,2,2,2,5,2,0,5
1180,3,1,1,6,3,3,0
401,4,0,0,6,4,3,0
1830,3,1,1,4,6,4,0
1753,0,0,0,1,0,0,1
271,1,3,1,1,3,2,1
902,2,2,2,5,2,2,5
1491,3,1,1,4,1,3,0
1485,0,0,0,4,0,0,0
1087,0,0,0,4,0,6,0
306,2,2,2,5,5,2,5
439,0,0,0,3,0,0,0
11,2,2,2,2,5,2,2
1503,2,2,2,5,5,2,5
1246,5,5,5,2,5,5,2
1846,0,0,0,4,0,0,0
587,5,5,2,2,5,5,2
1783,3,1,1,4,1,4,0
1697,0,0,0,4,4,0,0
27,4,0,0,0,0,5,0
823,4,0,0,3,0,4,0
1378,4,0,0,4,0,4,0
704,4,0,0,0,4,3,0
247,0,0,0,3,0,0,0
212,3,3,1,1,1,4,1
1661,3,3,1,6,1,0,1
958,5,5,5,2,5,5,2
308,1,3,1,6,3,3,0
395,3,1,1,6,1,3,0
195,1,1,1,1,1,2,1
1271,0,0,0,3,0,0,0
1635,3,3,1,1,3,6,1
124,0,0,0,6,0,6,0
417,6,3,1,1,3,0,1
292,1,1,1,1,1,0,1
712,0,0,0,4,0,0,0
836,1,1,1,6,1,3,0
698,0,0,0,4,4,0,0
784,0,0,0,4,4,0,0
1256,4,0,0,4,0,3,0
1128,6,0,0,4,0,6,0
188,2,5,2,5,2,2,2
1864,1,1,1,4,1,4,0
