,y_val,KNN_pred,QDA_pred,LR_pred,RF_pred,SVC_pred,LDA_pred
1837,0,4,0,0,0,0,0
161,2,5,2,5,2,2,5
336,0,4,0,4,0,0,0
1084,0,0,0,4,0,0,0
1462,1,1,1,1,1,1,1
1044,4,4,4,0,4,4,0
721,3,3,3,3,1,3,3
1245,3,1,3,1,3,3,1
654,3,1,3,6,3,3,3
1056,4,0,4,0,4,4,0
1857,0,0,0,0,0,0,0
1078,0,0,0,4,0,0,0
584,5,2,5,2,5,5,2
667,5,2,5,2,5,5,2
1212,4,4,4,4,4,4,0
1401,0,0,0,0,0,0,0
1004,2,2,2,2,2,2,2
939,0,0,0,0,0,0,0
637,0,0,0,0,0,0,0
457,0,0,0,4,0,0,0
545,3,3,3,6,6,6,1
739,2,2,2,2,2,2,2
756,3,3,3,3,1,3,3
1572,2,5,2,2,2,2,2
360,2,0,4,0,0,4,0
396,0,0,0,0,0,0,0
1621,0,0,0,4,0,0,0
862,5,5,5,5,5,5,5
1064,5,5,5,5,5,5,5
370,0,0,0,4,0,0,0
297,3,3,1,3,1,3,3
184,4,4,4,0,4,4,0
1251,1,1,1,1,1,1,1
1443,1,3,3,6,3,6,1
28,0,0,0,0,0,4,0
361,0,0,0,0,0,0,0
719,1,1,1,1,1,1,1
981,0,0,0,4,0,0,0
1423,2,5,2,2,2,2,2
1433,2,2,2,2,2,2,2
385,2,2,2,2,2,2,2
772,0,4,0,0,0,0,0
1479,0,0,0,0,0,0,0
815,2,5,2,5,2,2,2
536,1,1,3,6,3,3,1
727,0,0,0,0,0,0,0
901,0,0,0,4,0,0,0
129,0,0,0,0,0,0,0
493,0,0,0,0,0,0,0
1096,4,0,4,4,4,4,0
1464,0,0,0,0,0,0,0
1743,2,2,2,2,2,2,2
1009,4,0,4,4,4,4,0
1371,4,0,4,0,4,0,0
411,1,1,1,1,1,1,1
682,0,0,0,4,0,0,0
1772,0,0,0,0,0,0,0
208,2,2,2,2,2,2,2
599,0,4,0,0,0,0,0
1497,0,0,0,4,0,0,0
287,1,3,3,6,1,3,1
977,4,0,4,0,4,4,0
1477,1,3,1,6,1,3,1
458,0,4,0,4,0,0,0
1712,2,5,2,5,2,2,5
1283,1,1,3,1,1,3,1
1040,1,3,1,3,1,6,3
1322,2,2,2,2,2,2,2
209,5,2,5,5,5,5,5
577,1,1,1,1,1,3,1
363,5,2,5,2,5,5,2
626,1,1,1,1,1,1,1
638,0,0,0,4,0,0,0
906,3,3,1,3,1,1,3
1531,3,1,1,1,1,1,1
1427,6,3,1,6,3,6,1
666,0,0,0,6,0,0,0
668,2,2,2,2,2,2,2
768,3,3,1,6,1,3,3
615,0,0,0,4,0,0,0
1140,0,0,0,0,0,0,0
1154,1,1,1,1,1,1,1
762,5,5,5,5,5,5,5
171,1,1,1,1,1,3,1
1071,0,0,0,6,0,0,0
144,1,1,1,1,1,1,1
1715,1,1,1,1,1,3,1
1595,5,5,5,5,5,5,5
899,0,0,0,0,0,0,0
456,1,1,1,1,3,3,1
1117,0,0,0,4,0,0,0
1012,0,0,0,0,0,0,0
972,4,4,4,0,4,4,0
1257,0,0,0,4,0,0,0
765,1,1,1,1,1,1,3
1363,2,5,2,5,2,2,5
573,1,1,3,6,3,3,1
954,1,1,3,6,3,3,3
1252,1,1,5,1,1,1,1
408,0,0,0,0,0,0,0
106,1,3,3,6,3,3,1
228,1,1,1,1,1,1,1
1428,0,0,0,0,0,0,0
550,4,0,4,4,4,4,0
798,3,3,3,6,3,3,3
476,5,2,5,5,5,5,2
494,1,1,1,1,1,1,1
1171,4,0,4,4,4,4,0
1281,1,1,3,6,1,3,1
1021,2,2,2,2,2,2,2
378,1,1,1,1,1,1,1
1178,5,2,5,2,5,5,2
82,5,5,5,5,5,5,5
1521,3,3,3,3,1,3,3
358,3,3,3,3,3,3,3
1426,4,0,4,4,4,4,0
17,3,3,3,3,3,3,3
539,2,2,2,5,2,2,2
213,4,4,4,0,4,4,0
265,5,5,5,5,5,5,2
1842,5,2,5,2,5,5,2
1765,4,4,4,4,4,4,0
1224,3,1,1,3,1,3,3
603,3,1,3,6,3,3,1
261,5,5,5,2,5,5,2
1856,4,0,4,4,4,4,0
828,4,0,4,4,4,4,0
1018,6,3,1,6,1,6,3
202,5,5,5,2,5,5,2
254,4,0,4,4,4,4,0
1594,6,3,3,6,3,6,3
1201,0,0,0,4,0,0,0
24,0,0,0,0,0,0,0
980,0,0,0,0,0,0,0
1667,0,0,0,0,0,0,0
1510,0,0,0,0,0,0,0
1355,0,0,0,0,0,0,0
1713,1,1,1,1,1,1,1
142,0,0,0,0,0,0,0
262,0,4,0,0,0,0,0
181,0,0,0,0,0,0,0
470,0,0,0,6,0,0,0
489,1,1,1,1,1,1,1
569,0,0,0,0,0,0,0
1226,0,0,0,0,0,0,0
1080,0,0,0,4,0,0,0
1502,1,1,1,1,6,6,1
1039,0,0,0,0,0,0,0
285,0,0,0,0,0,0,0
1775,0,0,4,4,0,4,0
1418,0,0,0,4,0,0,0
307,0,0,0,4,0,0,0
1480,0,4,0,0,0,0,0
1848,1,1,1,1,1,1,1
963,2,2,2,5,2,2,5
1473,1,6,1,1,1,6,1
1243,0,0,0,4,0,0,0
274,1,1,1,1,1,5,1
968,0,0,0,0,0,0,0
967,0,4,0,4,0,0,0
594,0,0,0,0,0,0,0
418,0,4,0,4,0,0,0
1567,2,2,2,2,2,2,2
428,1,1,1,1,1,3,1
52,0,0,0,4,0,0,0
661,0,0,0,4,0,0,0
636,2,2,2,2,2,2,2
1833,0,0,0,4,0,0,0
311,1,0,0,0,0,0,0
193,0,0,0,0,0,0,0
40,0,0,0,4,0,0,0
54,0,0,0,0,0,0,0
1656,0,0,0,0,0,0,0
1429,1,3,1,1,1,1,1
1027,2,5,2,2,2,2,2
223,1,1,3,1,3,3,1
1437,5,5,5,2,5,5,2
194,0,0,0,4,0,0,0
1161,1,1,1,1,1,1,1
891,1,1,1,1,1,3,1
1026,5,5,5,5,5,5,5
877,5,5,5,5,5,5,5
717,0,0,0,0,0,0,0
122,0,0,0,4,0,0,0
1564,2,2,2,2,2,2,2
628,0,0,0,0,0,0,0
838,0,4,0,4,0,0,0
206,1,1,1,1,1,3,1
253,0,0,0,0,0,0,0
1633,0,0,0,4,0,0,0
1017,3,3,1,6,3,6,1
164,5,5,5,2,5,5,2
1812,5,5,5,5,5,5,5
1092,1,1,3,6,3,3,1
905,3,3,3,3,3,3,3
178,1,1,1,1,1,1,1
376,1,1,1,1,3,1,1
1090,4,0,4,0,4,4,0
279,4,0,4,0,4,4,0
31,3,3,3,3,3,3,3
1559,4,0,4,0,4,4,0
1203,4,0,4,0,4,4,0
1182,2,2,2,2,2,2,2
904,2,2,2,2,2,2,2
930,5,5,5,5,5,5,5
1006,3,1,3,6,3,6,3
1781,5,0,0,4,0,0,0
857,2,2,2,2,2,2,2
1550,1,1,1,1,1,6,1
1189,1,1,1,1,1,1,1
1067,1,1,3,1,1,3,1
575,4,4,4,4,4,4,0
305,1,1,1,1,1,1,3
888,4,4,4,4,0,4,0
1225,3,3,1,3,1,3,3
1352,2,2,2,2,2,2,2
319,3,1,3,6,3,3,1
356,4,0,4,0,4,4,0
657,2,2,2,2,2,2,2
1193,6,0,0,0,0,0,0
486,1,1,3,1,1,3,1
512,3,1,3,6,3,3,3
1835,4,4,4,4,4,4,0
1167,2,2,2,2,2,2,2
931,3,3,3,6,3,3,1
1152,5,5,5,2,5,5,2
1551,2,5,2,2,2,2,2
45,3,1,1,1,3,3,3
60,5,5,5,5,5,5,5
1849,5,5,5,2,5,5,2
780,4,4,4,4,4,4,0
1859,2,5,2,5,2,2,5
158,1,3,1,1,1,1,1
849,4,0,4,0,4,4,0
686,3,1,3,6,1,6,1
895,3,3,3,6,3,3,3
462,2,2,2,2,2,2,2
1557,1,1,1,1,1,3,1
1313,2,2,2,2,2,2,2
1053,1,1,1,1,1,1,1
105,5,5,5,5,5,5,5
1553,5,0,0,0,0,0,0
1604,5,0,0,4,0,0,0
1578,5,5,5,5,5,5,5
1447,4,4,4,0,4,4,0
103,4,0,4,0,4,4,0
198,1,3,1,6,1,1,1
1855,3,3,1,6,6,6,1
1081,4,0,4,0,4,4,0
840,5,2,5,5,5,5,2
1051,1,1,1,1,1,1,1
788,4,4,4,4,4,4,0
641,6,1,3,6,6,6,1
1822,4,4,4,4,4,4,0
497,2,2,2,2,2,2,2
1335,4,0,4,0,4,4,0
180,3,3,1,3,3,3,3
1586,2,2,2,2,2,2,2
1629,4,0,4,4,4,4,0
1074,3,1,3,1,3,3,1
630,3,3,3,6,3,3,1
149,6,1,1,6,1,6,1
611,0,0,0,4,0,0,0
1685,0,0,0,0,0,0,0
1542,0,0,0,0,0,0,0
353,0,0,0,4,0,0,0
1516,0,4,0,4,0,0,0
453,0,4,0,4,0,0,0
986,0,0,0,4,0,0,0
522,0,4,0,4,0,0,0
1047,0,0,0,4,0,0,0
386,0,0,4,4,0,4,0
1777,0,0,0,0,0,4,0
634,0,0,0,4,0,0,0
484,0,0,0,4,0,0,0
600,0,0,0,4,0,0,0
1650,0,0,0,0,0,0,0
23,0,4,0,4,0,0,0
367,0,0,4,0,0,4,0
1511,0,0,0,0,0,0,0
1718,0,4,0,0,0,0,0
578,0,0,0,0,0,0,0
1568,0,0,0,6,0,6,0
250,0,0,0,0,0,0,0
1569,0,4,0,4,0,0,0
6,0,4,0,4,0,0,0
796,0,4,0,0,0,0,0
870,0,0,0,0,0,0,0
1231,0,0,0,0,0,0,0
708,0,0,0,4,0,0,0
1268,0,0,0,0,0,0,0
1379,0,0,0,4,0,0,0
619,0,0,0,0,0,0,0
949,0,0,0,4,0,0,0
226,0,0,0,4,0,0,0
1264,0,0,0,0,0,0,0
1440,1,1,3,1,1,3,1
564,1,1,1,1,1,1,1
802,0,0,0,0,0,0,0
415,1,1,1,1,1,3,1
855,1,3,1,1,1,1,1
58,0,0,0,0,0,0,0
314,0,0,0,0,0,0,0
835,5,5,5,5,5,5,5
979,1,1,3,6,3,3,1
1681,5,5,5,5,5,5,5
1719,4,0,4,4,4,4,0
799,0,4,6,4,0,6,0
335,5,5,5,5,5,5,5
324,5,2,5,2,5,5,2
547,5,2,5,2,5,5,2
1235,1,1,1,1,1,1,1
1728,2,2,2,2,2,2,2
8,4,4,4,4,4,4,0
1707,2,0,0,0,0,0,0
1303,1,3,3,3,1,3,3
281,4,0,4,0,4,4,0
1653,5,5,5,5,5,5,5
1244,1,3,3,6,3,3,1
339,5,5,5,5,5,5,5
691,2,5,2,5,2,2,5
1536,5,5,5,5,5,5,5
131,1,1,1,1,1,3,1
1582,1,1,1,1,1,6,1
1270,1,3,1,3,1,1,1
733,3,3,3,6,3,3,3
881,3,1,3,6,3,3,1
284,2,5,2,5,2,2,5
1606,4,4,4,4,4,4,0
1816,4,4,4,4,4,0,0
726,3,3,3,1,1,3,3
1782,2,2,2,2,2,2,2
988,2,2,2,2,2,2,2
141,1,1,1,1,1,1,1
1716,3,3,1,6,1,6,1
1641,3,1,3,3,3,3,3
1304,2,5,2,2,2,2,2
482,1,1,3,1,1,3,1
1840,2,2,2,2,2,2,2
18,5,5,5,5,5,5,2
1198,4,0,4,4,4,4,0
1126,4,0,0,0,0,0,0
689,3,1,1,1,1,1,1
1610,4,0,4,4,0,0,0
561,4,0,4,0,4,4,0
693,3,3,6,6,3,6,1
1508,1,0,0,0,0,0,0
818,1,1,1,1,1,3,1
71,3,1,1,1,3,3,1
16,3,1,1,3,3,3,3
1389,3,3,3,3,1,3,3
1323,5,2,5,5,5,5,5
72,1,1,1,1,1,6,1
510,4,0,4,4,4,4,0
369,1,1,1,1,1,6,1
863,5,5,5,2,5,5,2
36,2,5,2,2,2,2,2
326,5,5,5,2,5,5,2
1227,1,1,1,1,3,3,1
235,1,1,1,1,1,1,1
1674,1,6,1,1,1,1,1
1155,4,0,4,4,0,4,0
425,2,5,2,5,2,2,5
776,1,1,3,1,3,3,1
1317,1,3,3,1,1,1,3
1380,1,1,1,1,1,1,1
1770,5,5,5,2,5,5,2
1170,4,0,4,4,4,4,0
355,3,1,3,6,3,3,1
858,5,5,5,5,5,5,5
754,3,3,3,6,3,6,1
896,2,5,2,2,2,2,2
1014,1,1,3,1,3,3,1
1726,5,5,5,5,5,5,5
827,3,1,1,6,6,6,1
1195,4,4,4,0,4,4,0
1311,1,1,3,1,3,3,1
1239,4,0,4,0,4,4,0
84,1,1,1,1,1,1,1
354,2,2,2,2,2,2,2
1434,3,1,3,6,3,3,1
108,3,1,1,3,3,3,3
928,4,0,4,0,4,4,0
1346,6,1,3,6,3,3,1
955,6,1,1,6,1,1,1
744,4,0,4,0,4,4,0
1563,4,0,4,4,4,4,0
384,2,5,2,5,2,2,5
640,2,2,2,2,2,2,2
1752,6,1,1,6,3,6,1
1748,2,2,2,2,2,2,2
474,2,2,2,5,2,2,2
1813,2,2,2,2,2,2,2
1364,0,0,0,4,0,0,0
1795,0,0,0,0,0,0,0
94,0,0,4,0,4,4,0
1448,0,0,0,4,0,0,0
999,0,0,0,4,0,0,0
1114,0,0,4,0,0,4,0
412,0,0,0,0,0,0,0
645,0,0,0,4,0,0,0
563,0,0,0,0,0,0,0
22,0,0,0,0,0,0,0
811,0,0,0,0,0,0,0
632,0,0,0,0,0,0,0
373,0,0,0,4,0,0,0
681,0,4,0,4,0,0,0
924,0,0,0,0,0,0,0
1402,0,0,0,0,0,0,0
1007,0,0,0,0,0,0,0
372,0,0,0,4,0,0,0
718,0,0,0,0,0,0,0
1030,0,0,0,0,0,0,0
1179,0,0,0,0,0,0,0
1054,0,4,0,4,0,0,0
946,0,0,0,4,0,0,0
831,0,0,0,4,0,0,0
313,0,0,0,4,0,0,0
991,0,0,0,0,0,0,0
1489,0,0,0,4,0,0,0
224,5,5,5,5,5,5,5
1228,0,4,0,4,0,0,0
757,5,5,5,2,5,5,2
76,1,3,3,6,3,3,3
753,0,0,0,4,0,0,0
1832,1,3,1,1,1,1,1
761,0,0,0,0,0,0,0
500,0,4,0,0,0,0,0
684,1,1,1,1,1,1,1
460,5,2,5,5,5,5,5
1060,1,1,1,1,1,1,1
844,3,3,3,6,3,3,3
1722,5,5,5,5,5,5,5
487,0,0,0,0,0,0,0
1041,5,5,5,2,5,5,2
1699,3,3,3,6,1,3,3
1109,1,1,3,1,1,3,1
620,3,1,1,1,3,3,1
114,1,1,3,3,3,3,1
1305,1,1,3,1,1,3,1
1253,5,5,5,2,5,5,2
67,1,1,1,1,1,1,1
390,4,4,4,4,4,4,0
609,1,3,1,1,1,3,1
644,3,3,1,3,1,1,3
1394,0,0,0,0,0,0,0
1600,1,1,3,6,3,3,1
1792,5,5,5,5,5,5,5
1862,4,0,4,0,4,4,0
533,3,3,1,6,1,6,1
1141,0,0,0,0,0,0,0
1831,0,0,4,4,0,0,0
736,4,4,4,4,4,4,0
864,3,3,3,3,3,3,3
616,5,2,5,5,5,5,2
997,1,1,2,1,1,1,1
1100,0,0,0,0,0,0,0
764,4,0,4,0,4,4,0
1138,1,1,3,6,3,3,1
146,5,5,5,5,5,5,5
1612,4,4,4,4,4,4,0
938,1,1,1,1,1,6,1
112,0,4,0,0,0,0,0
642,3,3,3,6,1,3,3
104,0,4,0,0,0,0,0
926,5,2,5,5,5,5,2
876,3,3,1,3,1,3,3
471,1,0,0,0,0,4,0
1655,1,1,1,1,3,3,1
551,4,4,4,4,4,4,0
364,5,5,5,5,5,5,5
1768,1,1,3,1,6,6,1
59,2,5,2,2,2,2,2
908,4,0,4,0,4,4,0
424,3,3,3,3,3,3,3
1560,3,6,3,6,3,3,3
501,1,1,1,1,3,6,1
554,4,4,4,4,4,4,0
337,1,1,1,1,1,3,3
227,2,2,2,2,2,2,2
56,3,3,3,6,3,3,3
1104,1,1,1,1,1,1,1
1644,5,5,5,5,5,5,5
929,4,0,4,4,4,4,0
1549,5,2,5,5,5,5,5
404,5,5,5,5,5,5,5
1500,1,1,1,1,3,3,1
183,1,1,1,1,1,3,1
557,1,1,1,1,1,6,1
1643,5,0,0,0,0,0,0
1194,3,3,3,3,1,3,3
48,3,3,1,6,3,6,1
322,2,2,2,5,2,2,5
1811,1,1,1,1,1,3,1
1146,4,0,4,0,4,4,0
174,3,1,3,6,3,3,1
614,1,1,1,1,6,6,1
1852,1,1,3,1,3,3,1
775,2,5,2,2,2,2,2
656,1,0,0,0,0,0,0
157,4,0,4,4,4,4,0
1072,3,1,1,1,1,1,1
1240,4,4,4,4,4,4,0
1413,2,5,2,5,2,2,5
168,2,5,2,5,2,2,5
177,2,2,2,2,2,2,2
455,4,4,4,0,4,4,0
649,2,2,2,2,2,2,2
1809,4,4,4,4,4,4,0
552,2,5,2,2,2,2,2
576,6,3,1,1,1,6,1
201,4,0,4,0,4,4,0
1396,4,0,4,4,4,4,0
1639,6,3,1,3,1,3,3
53,2,2,2,2,2,2,2
50,2,2,2,2,2,2,2
192,6,6,6,1,6,6,1
295,2,2,2,2,2,2,2
1035,2,2,2,2,2,2,2
1236,4,0,4,0,4,4,0
1202,2,2,2,2,2,2,2
1590,2,2,2,2,2,2,2
1191,2,5,2,5,2,2,5
1216,2,2,2,5,2,2,2
767,0,0,0,4,0,4,0
1197,0,0,0,4,0,0,0
277,0,0,0,0,0,0,0
251,0,4,0,4,0,0,0
348,0,0,0,0,0,0,0
1057,0,0,0,0,0,0,0
233,0,0,0,0,0,0,0
1143,0,0,0,0,0,0,0
1157,0,0,0,0,0,0,0
437,0,0,0,0,0,0,0
951,0,4,0,4,0,0,0
221,0,0,0,0,0,0,0
173,0,0,0,4,0,0,0
318,0,0,0,4,0,0,0
1693,1,1,1,1,1,1,1
1036,5,5,5,5,5,5,5
447,0,0,4,0,0,4,0
1408,0,0,0,0,0,0,0
914,3,1,1,3,1,3,3
1866,0,0,4,0,0,4,0
175,5,2,5,5,5,5,5
1174,5,5,5,5,5,5,5
1458,1,1,3,1,3,3,1
1698,5,5,5,5,5,5,5
1374,0,0,0,0,0,0,0
1233,3,3,3,6,3,3,3
1242,3,3,1,6,1,6,1
268,3,3,3,6,3,3,1
242,5,5,5,5,5,5,5
210,0,0,0,0,0,0,0
1522,0,0,0,4,0,0,0
879,0,0,0,4,0,0,0
1223,5,2,5,2,5,5,2
1186,0,0,0,0,0,0,0
1436,0,0,0,4,0,0,0
526,0,0,0,0,0,0,0
1476,1,1,1,6,1,1,1
397,0,0,0,4,0,0,0
514,3,1,3,6,3,3,1
777,5,2,5,2,5,5,2
1851,1,3,3,6,1,3,3
925,0,0,0,4,0,0,0
976,1,1,3,1,3,6,1
674,0,4,0,0,0,0,0
74,0,0,0,4,0,0,0
1616,3,3,3,1,3,3,1
746,3,3,3,3,1,3,3
1301,0,0,0,0,0,0,0
1129,1,1,1,1,1,1,1
1526,3,1,3,1,1,3,1
1853,3,1,3,1,1,3,1
382,1,1,3,1,1,3,1
15,1,1,1,1,1,1,1
885,0,0,0,0,0,0,0
1780,0,0,0,0,0,0,0
85,0,0,0,4,0,0,0
664,0,0,0,4,0,0,0
1274,1,1,3,1,1,3,1
32,1,1,1,1,1,1,3
589,5,5,5,2,5,5,2
1398,0,0,0,6,0,0,0
907,5,5,5,2,5,5,3
1028,0,0,0,4,0,0,0
804,0,0,0,0,0,0,0
1184,1,1,3,1,1,3,1
833,6,1,1,1,1,6,1
1344,0,0,0,0,0,0,0
46,3,3,1,6,6,6,1
1717,1,1,1,1,1,3,1
1453,1,1,1,1,1,3,3
1230,1,3,3,1,3,3,1
1000,0,0,0,4,0,0,0
1548,1,1,3,1,1,3,3
1070,4,0,4,0,4,4,0
820,4,0,4,0,4,4,0
1439,1,1,1,1,1,1,1
204,4,0,4,4,4,4,0
1678,3,1,3,1,1,3,1
509,5,2,5,5,5,5,5
1858,1,1,1,1,1,1,1
846,5,2,5,2,5,5,2
1512,3,1,3,6,3,6,3
947,5,5,5,5,5,5,5
809,4,0,4,0,4,4,0
83,5,5,5,5,5,5,5
1020,4,4,4,4,4,4,0
934,3,3,1,6,1,3,3
1291,4,0,4,0,4,4,0
55,3,3,1,1,3,1,3
1605,4,0,4,4,4,4,0
1400,1,1,3,1,3,3,1
1188,4,4,4,4,4,4,0
1686,5,5,5,5,5,5,5
1441,1,1,1,6,1,3,1
49,1,1,1,1,1,1,1
1050,1,1,1,1,1,1,1
435,1,1,1,1,1,1,1
1065,1,1,3,1,3,3,1
1460,5,5,5,5,5,5,5
1404,2,5,2,5,2,2,2
135,2,0,4,0,0,0,0
1339,4,4,4,4,4,4,0
565,5,5,5,5,5,5,5
911,1,1,1,1,1,1,1
343,1,3,1,6,1,3,1
1839,1,3,1,6,1,1,1
245,2,5,2,5,2,2,5
1266,1,3,1,3,1,1,3
291,4,4,4,0,4,4,0
1456,2,5,2,2,2,2,2
449,6,3,3,6,3,6,1
1493,4,0,4,4,4,4,0
485,2,2,2,2,2,2,2
1218,2,2,2,2,2,2,2
1790,2,2,2,5,2,2,5
1585,2,2,2,2,2,2,2
1438,4,4,4,4,4,4,0
794,4,0,4,0,4,4,0
1773,4,4,4,4,4,0,0
62,4,4,4,4,4,4,0
86,2,5,2,2,2,2,2
994,2,5,2,2,2,2,2
1365,4,0,4,0,4,4,0
993,2,2,2,2,2,2,2
1761,6,6,6,1,6,6,1
515,2,2,2,2,2,2,2
1484,4,0,0,0,0,0,0
1679,2,2,2,2,2,2,2
410,2,5,2,2,2,2,2
1614,2,2,2,2,2,2,2
1119,2,2,2,5,2,2,2
1825,0,0,0,0,0,0,0
121,0,0,0,0,0,0,0
79,0,4,0,0,0,0,0
145,0,4,0,0,0,0,0
1763,0,4,0,0,0,0,0
568,0,0,0,4,0,0,0
1393,0,0,0,0,0,0,0
543,0,4,0,0,0,0,0
1108,0,0,0,0,0,0,0
983,0,0,0,4,0,0,0
992,3,1,3,6,3,3,1
399,0,0,0,4,0,0,0
219,0,0,4,0,4,4,0
648,0,0,0,0,0,0,0
520,0,0,0,0,0,0,0
1263,0,0,0,0,0,0,0
283,5,5,5,2,5,5,2
886,3,1,1,6,3,6,1
1735,0,0,0,0,0,0,0
1211,3,1,3,6,3,3,1
5,1,1,1,1,1,1,1
96,0,0,0,4,0,0,0
503,0,4,0,0,0,0,0
652,0,4,0,0,0,0,0
394,5,5,5,5,5,5,5
1068,5,2,5,2,5,5,2
531,0,0,0,0,0,0,0
30,0,4,0,0,0,0,0
302,1,1,1,1,1,6,1
151,1,1,3,1,1,3,3
1284,5,2,5,2,5,5,2
662,1,1,1,1,1,3,1
1706,0,4,0,0,0,0,0
1651,0,0,0,0,0,0,0
14,0,0,4,0,0,4,0
519,0,0,0,0,0,0,0
665,1,1,3,6,3,3,1
1069,5,5,5,2,5,5,2
755,3,3,3,6,3,3,3
1377,0,0,0,0,0,0,0
338,3,3,3,3,1,3,3
747,1,1,1,1,1,3,1
1702,1,1,1,1,1,1,1
1573,1,3,3,3,3,3,3
894,1,3,1,3,1,3,3
606,1,3,1,3,1,3,3
1627,1,1,1,1,3,6,1
33,3,3,1,3,1,3,3
1091,0,4,0,4,0,0,0
1561,5,5,5,2,5,5,3
380,1,1,3,1,3,3,1
315,4,4,4,4,4,4,0
987,0,4,0,0,0,0,0
1395,0,0,0,0,0,0,0
230,0,4,0,4,0,0,0
402,1,1,1,1,3,3,1
1666,5,2,5,5,5,5,2
368,4,0,4,0,4,4,0
694,4,0,4,0,4,4,0
710,1,1,1,1,1,1,1
1353,0,0,0,0,0,0,0
321,3,1,3,1,1,3,1
1620,4,0,4,0,4,4,0
1754,1,1,5,1,1,3,1
1238,0,0,0,0,0,0,0
873,1,1,1,1,1,1,1
1576,1,1,1,1,1,1,1
222,4,4,4,4,4,4,0
1724,4,0,4,4,4,0,0
1145,0,0,0,0,0,0,0
1589,1,1,1,1,1,1,1
41,1,1,1,1,1,3,1
1205,2,2,2,2,2,2,2
1690,1,1,1,1,1,3,1
1684,5,2,5,5,5,5,2
249,0,0,0,0,0,0,0
80,2,5,2,2,2,2,2
651,5,2,5,2,5,5,2
303,1,0,0,0,0,0,0
1316,0,0,0,4,0,0,0
1015,5,5,5,5,5,5,2
1420,0,0,0,0,0,0,0
585,1,1,2,1,1,1,1
1373,0,0,0,0,0,0,0
919,3,3,3,6,3,3,3
1628,1,1,3,1,1,3,1
1276,1,1,1,1,1,6,1
1349,0,0,0,0,0,0,0
450,1,0,0,4,0,0,0
1382,5,2,5,2,5,5,2
595,4,0,4,0,4,4,0
884,4,0,4,0,4,4,0
663,5,5,5,5,5,5,2
1486,6,3,1,6,3,6,3
1386,1,1,1,1,1,1,1
633,1,3,3,6,3,3,3
256,2,2,2,2,2,2,2
1829,2,2,2,2,2,2,2
1588,3,1,1,1,3,6,1
1527,5,5,5,2,5,5,3
406,2,2,2,5,2,2,5
389,3,0,0,0,0,0,0
1356,5,5,5,5,5,5,5
583,3,3,1,3,1,3,3
608,4,4,4,4,4,4,0
1416,3,1,3,1,3,3,1
1789,4,0,4,4,4,4,0
805,4,0,4,4,4,4,0
1571,2,2,2,2,2,2,2
548,5,5,5,5,5,5,5
593,5,2,5,2,5,5,2
77,2,4,4,0,4,0,0
216,3,3,3,6,3,3,3
613,4,0,0,4,0,0,0
537,3,3,3,3,3,3,3
185,2,2,2,2,2,2,2
1229,4,0,4,0,4,4,0
359,3,3,3,6,3,6,1
136,4,4,4,0,4,4,0
42,2,2,2,2,2,2,2
1597,4,0,0,0,0,0,0
1340,2,0,0,4,0,0,0
598,2,2,2,5,2,2,2
1745,4,0,4,4,4,4,0
789,2,2,2,2,2,2,2
1642,6,1,1,6,1,3,1
317,2,2,2,2,2,2,2
392,2,5,2,2,2,2,2
1348,2,2,2,2,2,2,2
760,2,2,2,2,2,2,2
1776,6,1,1,1,1,6,1
260,0,4,0,4,0,0,0
155,0,0,0,0,0,0,0
1290,0,0,0,4,0,0,0
865,0,0,0,0,0,0,0
264,0,0,0,0,0,0,0
631,0,0,0,0,0,0,0
1709,1,1,3,1,1,3,1
407,1,1,1,1,6,6,1
889,1,1,1,1,1,1,1
1234,1,3,1,3,1,3,3
118,1,1,1,1,1,1,1
1494,0,4,0,4,0,0,0
448,5,0,0,0,0,0,0
1177,0,0,0,0,0,0,0
782,0,0,0,4,0,0,0
1345,0,0,0,0,0,0,0
312,1,1,1,1,1,1,1
1645,1,6,1,1,1,6,1
1142,0,0,0,0,0,0,0
1774,0,0,0,0,0,0,0
639,1,1,3,6,3,3,1
365,0,4,0,0,0,0,0
1034,0,0,0,4,0,0,0
478,0,0,0,0,0,0,0
1488,0,4,0,4,0,0,0
434,0,0,0,4,0,0,0
246,0,0,0,4,0,0,0
477,1,1,1,1,1,3,3
1514,0,0,0,4,0,0,0
1732,0,0,0,0,0,0,0
1112,3,1,3,1,3,3,1
1111,3,1,1,1,1,1,1
92,1,1,1,1,1,1,1
1089,4,0,4,0,4,4,0
1482,3,3,1,1,3,6,1
1700,5,5,5,5,5,5,5
779,3,3,3,3,3,3,3
1607,0,0,0,4,0,0,0
1432,1,1,1,1,1,1,1
111,3,1,1,1,1,6,1
839,0,4,0,4,0,0,0
530,0,0,0,0,0,0,0
1623,3,3,1,1,1,3,3
893,1,1,3,1,1,3,1
444,1,3,3,3,3,3,3
852,0,0,0,0,0,0,0
1022,3,1,1,6,1,6,1
973,0,0,0,4,0,0,0
1814,3,3,3,3,1,3,3
229,5,5,5,5,5,5,5
1478,0,0,0,0,0,0,0
47,0,4,0,0,0,0,0
1093,0,0,4,0,0,4,0
1755,5,5,5,5,5,5,5
126,4,4,4,4,4,4,0
1662,3,3,1,3,3,3,3
813,5,5,5,5,5,5,5
1209,0,0,0,0,0,0,0
1505,3,3,3,6,1,3,3
1277,1,1,1,1,1,1,1
1785,0,0,0,0,0,0,0
812,4,0,4,4,4,4,0
78,0,0,0,0,0,0,0
1058,4,0,4,0,4,4,0
1847,3,3,1,6,3,6,1
1673,1,3,3,6,3,3,3
1517,5,5,5,5,5,5,5
892,0,4,0,0,0,0,0
63,5,5,5,5,5,5,2
90,5,2,5,5,5,5,5
1055,2,2,2,2,2,2,2
1425,5,5,5,2,5,5,3
1025,2,2,2,2,2,2,2
1125,1,1,1,1,1,1,1
1764,2,5,2,2,2,2,2
741,2,2,2,2,2,2,2
859,4,0,4,0,4,4,0
341,2,2,2,2,2,2,2
1037,1,1,3,1,1,3,1
1282,1,1,3,1,1,3,1
1562,5,5,5,5,5,5,5
495,2,5,2,2,2,2,2
1731,0,0,0,0,0,0,0
1148,2,5,2,2,2,2,2
1023,2,2,2,2,2,2,2
107,1,1,1,1,3,1,1
1739,1,1,1,1,1,3,1
1307,0,0,0,4,0,0,0
922,3,1,3,6,3,3,1
506,0,0,0,4,0,0,0
679,3,3,1,3,3,3,3
1120,0,0,0,4,0,0,0
88,5,2,5,5,5,5,5
344,0,0,0,0,0,0,0
1483,3,3,3,3,3,3,3
1185,3,1,1,6,1,6,1
57,5,2,5,2,5,5,2
1730,0,0,0,0,0,0,0
232,1,1,1,1,1,3,1
1626,1,1,1,1,1,1,1
87,2,2,2,2,2,2,2
1454,1,1,3,1,1,3,1
309,2,5,2,2,2,2,2
1325,4,0,4,0,4,4,0
680,1,1,3,6,1,3,3
822,4,0,4,4,4,4,0
1272,1,3,1,3,1,3,3
1598,1,1,1,1,1,1,1
270,6,3,1,6,3,6,3
1535,5,5,5,5,5,5,5
1658,5,5,5,5,5,5,5
498,5,5,5,5,5,5,5
1577,4,0,4,4,4,4,0
532,2,2,2,2,2,2,2
1207,6,6,6,1,1,6,1
1804,4,0,4,4,4,4,0
1306,2,2,2,2,2,2,2
725,5,2,5,2,5,5,2
1652,2,2,2,2,2,2,2
1472,2,2,2,2,2,2,2
123,4,4,4,4,4,4,0
1384,2,2,2,2,2,2,2
1845,4,0,4,0,4,4,0
1625,4,0,4,0,4,4,0
734,4,0,4,0,4,4,0
1596,2,2,2,2,2,2,2
1285,4,0,4,0,4,4,0
749,4,4,4,4,4,4,0
821,4,0,0,0,0,0,0
75,4,0,4,4,4,4,0
1280,0,0,0,6,0,0,0
1421,0,0,0,0,0,0,0
259,0,0,0,0,0,0,0
1475,3,1,1,1,1,1,3
1820,0,0,0,0,0,0,0
366,1,1,1,1,3,6,1
673,3,0,0,4,0,0,0
419,1,1,1,1,1,1,1
25,1,1,1,1,3,6,1
1720,1,1,1,1,1,1,1
1751,3,1,1,1,1,3,1
1385,0,0,0,4,0,0,0
1424,0,0,4,0,0,4,0
1786,1,3,3,3,1,3,3
1525,0,4,0,4,0,0,0
538,0,0,0,4,0,0,0
51,1,1,3,1,3,3,1
214,0,4,0,0,0,0,0
215,5,2,5,2,5,5,2
792,0,4,0,4,0,0,0
1139,0,4,0,4,0,0,0
1372,0,4,0,4,0,0,0
1381,5,2,5,2,5,5,2
1116,3,3,3,3,3,3,3
1554,0,0,4,0,0,0,0
388,1,3,1,1,1,1,1
781,0,0,0,0,0,0,0
1591,0,0,0,4,0,0,0
1742,1,1,1,6,3,3,1
1793,1,1,1,1,1,1,1
581,5,2,5,2,5,5,2
1159,1,3,1,1,1,3,1
1214,0,0,0,6,0,0,0
566,2,2,2,2,2,2,2
851,0,0,0,0,0,0,0
1032,3,3,1,3,1,3,3
1286,5,2,5,2,5,5,2
269,2,5,2,5,2,2,5
853,5,2,5,2,5,5,2
257,1,1,1,1,1,1,1
236,4,4,4,4,4,4,0
130,5,2,5,5,5,5,5
860,4,0,4,4,4,4,0
724,4,0,4,0,4,4,0
496,0,0,0,0,0,0,0
920,4,4,4,4,4,4,0
1850,4,4,4,4,4,4,0
841,0,0,0,0,0,0,0
1210,2,2,2,2,2,2,2
125,0,0,0,0,0,0,0
351,6,1,1,6,1,6,3
1265,2,2,2,5,2,2,2
1135,3,1,1,1,1,1,1
985,4,4,4,0,4,0,0
429,5,5,5,5,5,5,2
1490,0,4,0,4,0,0,0
436,1,1,1,1,1,1,1
1187,3,1,3,6,3,3,3
743,2,2,2,2,2,2,2
290,1,1,1,1,1,1,1
959,0,0,0,0,0,0,0
267,2,2,2,2,2,2,2
1351,0,0,0,0,0,0,0
1350,2,5,2,2,2,2,2
528,3,3,3,3,1,3,3
1164,0,0,0,4,0,0,0
218,1,1,1,1,1,1,1
1043,1,3,3,6,3,6,3
199,0,0,0,0,0,0,0
1312,1,1,3,1,1,3,1
1144,5,5,5,5,5,5,5
1318,2,2,2,2,2,2,2
234,1,1,1,1,1,1,1
1784,0,0,4,4,0,4,0
1538,4,0,4,4,4,4,0
701,4,0,4,0,4,4,0
687,1,3,1,6,6,6,1
1797,2,2,2,2,2,2,2
534,5,2,5,2,5,5,2
546,1,1,1,3,1,3,3
677,5,5,5,5,5,5,5
492,4,4,4,4,4,4,0
617,2,5,2,5,2,2,5
915,1,1,1,1,1,1,1
1701,2,2,2,5,2,2,5
488,0,0,0,0,0,0,0
1682,0,0,0,0,0,0,0
1314,1,3,1,1,1,3,1
137,1,1,1,1,1,1,1
1247,5,2,5,2,5,5,2
1744,1,1,1,1,1,3,1
468,5,5,5,5,5,5,5
1506,1,1,1,1,1,1,1
758,4,0,4,4,0,0,0
263,4,4,4,0,4,4,0
1723,2,2,2,2,2,2,2
678,3,3,3,6,1,3,3
1082,0,0,0,0,0,0,0
272,3,1,3,1,3,3,1
1451,0,0,4,0,4,4,0
187,0,0,0,0,0,0,0
1029,0,0,0,0,0,0,0
1757,1,1,3,1,3,3,1
176,1,6,1,1,1,6,1
742,2,5,2,2,2,2,2
98,0,0,0,4,0,4,0
115,5,5,5,2,5,5,2
266,3,1,3,1,3,3,1
952,2,2,2,2,2,2,2
974,5,2,5,5,5,5,5
567,2,2,2,2,2,2,2
163,0,4,0,4,0,0,0
984,4,0,4,0,4,4,0
1779,0,0,0,0,0,0,0
610,2,2,2,2,2,2,2
1106,3,3,3,6,3,3,3
580,4,0,4,0,4,4,0
150,4,4,4,0,4,4,0
1819,0,4,0,4,0,0,0
1105,3,3,3,3,3,3,3
1338,0,0,0,0,0,0,0
186,5,2,5,5,5,5,5
1289,4,0,4,0,4,4,0
1118,6,1,1,1,1,6,1
443,0,0,0,0,0,4,0
117,4,0,4,0,4,4,0
912,4,0,4,0,4,4,0
1411,3,3,3,6,3,3,1
433,3,3,1,3,3,1,3
113,6,3,1,6,1,6,3
381,1,1,1,1,1,1,1
1366,1,1,1,1,6,6,1
1843,1,3,1,1,1,1,1
400,1,1,3,1,3,3,1
570,5,2,5,2,5,5,2
1450,5,5,5,2,5,5,2
288,0,0,0,0,0,0,0
1292,2,5,2,2,2,2,2
1327,5,5,5,2,5,5,1
605,2,2,2,2,2,2,2
153,0,0,0,4,0,0,0
1073,5,5,5,2,5,5,3
1279,2,2,2,2,2,2,2
491,0,4,0,4,0,0,0
1113,4,0,0,0,0,0,0
1300,4,0,4,4,4,4,0
438,2,2,2,5,2,2,5
1150,1,1,1,1,1,1,1
1359,0,0,0,0,0,0,0
1710,2,5,2,5,2,2,5
1296,0,4,0,0,0,0,0
1278,0,0,0,0,0,4,0
1860,2,2,2,2,2,2,2
1221,2,2,2,2,2,2,2
738,1,1,1,1,3,6,1
1640,0,0,0,0,0,0,0
1657,5,2,5,2,5,5,2
7,1,1,3,1,1,3,1
612,1,1,3,1,1,3,1
1471,5,5,5,5,5,5,5
1156,5,5,5,2,5,5,2
1319,5,2,5,5,5,5,5
795,5,5,5,5,5,5,5
273,0,0,0,4,0,0,0
405,1,1,1,1,3,6,1
387,0,0,0,0,0,0,0
773,0,4,0,0,0,0,0
89,2,5,2,2,2,2,2
571,4,0,4,0,4,4,0
1130,0,4,0,0,0,0,0
720,0,0,4,4,0,4,0
730,2,2,2,2,2,2,2
225,1,1,1,1,3,1,1
1580,1,1,3,1,1,3,1
1163,0,0,0,0,0,0,0
2,0,0,0,4,0,0,0
465,4,4,0,4,0,0,0
1676,3,3,1,6,6,6,1
807,4,0,4,4,4,4,0
1095,3,1,3,6,3,6,1
10,4,0,4,4,4,4,0
586,4,0,4,0,4,4,0
553,5,2,5,2,5,5,2
540,0,0,0,0,0,0,0
320,0,4,0,0,0,0,0
156,2,2,2,5,2,2,2
128,5,5,5,2,5,5,2
1219,1,1,1,1,1,1,1
1293,3,1,3,1,3,3,1
672,3,3,3,3,3,3,3
61,0,0,0,0,0,0,0
690,2,2,2,2,2,2,2
138,4,0,4,0,4,4,0
1275,4,4,4,0,4,4,0
1422,2,2,2,2,2,2,2
709,1,3,1,3,1,3,3
1509,3,1,3,1,1,3,1
1660,3,3,3,6,3,3,3
1237,4,0,4,0,4,4,0
1260,1,3,1,6,1,1,1
1818,0,0,0,4,0,0,0
1406,1,1,1,1,6,6,1
960,1,1,1,6,1,3,1
1435,1,1,1,1,1,1,1
729,1,1,1,1,6,6,1
1331,2,5,2,2,2,2,2
330,2,5,2,2,2,2,2
1094,4,0,4,0,4,4,0
1446,1,1,5,3,1,3,3
1736,2,2,2,5,2,2,2
1636,4,0,4,4,4,4,0
1760,0,0,0,0,0,0,0
1183,4,0,4,0,4,4,0
1624,4,4,4,0,4,4,0
647,5,5,5,5,5,5,2
1011,2,5,2,2,2,2,2
423,3,3,3,3,3,6,3
1326,0,0,0,0,0,0,0
705,4,4,4,0,4,4,0
989,1,1,1,1,1,1,1
1196,0,0,0,4,0,0,0
1110,0,4,0,0,0,0,0
1412,5,5,5,5,5,5,5
771,0,0,0,0,0,0,0
34,0,0,0,0,0,0,0
966,1,1,1,1,1,1,1
97,4,0,4,4,4,4,0
1370,0,0,0,4,0,0,0
591,4,4,4,4,4,0,0
1333,5,2,5,2,5,5,2
95,3,1,3,6,3,3,1
1778,0,0,0,0,0,0,0
643,1,1,3,1,3,3,1
81,0,0,0,4,0,0,0
152,5,5,5,5,5,5,5
334,1,0,0,0,0,0,0
467,1,1,1,1,1,1,1
1288,0,0,0,0,0,0,0
1310,0,0,0,4,0,0,0
525,0,4,0,0,0,0,0
1824,0,0,0,0,0,0,0
1052,1,1,3,6,1,3,1
432,6,1,1,1,1,1,1
473,1,1,1,1,6,6,1
1206,0,0,0,4,0,0,0
975,0,0,0,0,0,0,0
695,0,0,0,4,0,0,0
790,0,0,0,0,0,0,0
1415,0,0,0,0,0,0,0
843,0,0,0,0,0,0,0
1294,3,1,1,1,1,1,1
759,0,0,0,4,0,0,0
1668,3,3,1,3,1,3,3
875,3,1,3,3,3,3,3
1523,3,6,3,6,3,3,3
73,3,3,3,3,1,3,3
1403,6,1,1,6,3,6,3
398,6,1,1,6,1,6,1
409,3,3,3,6,3,6,3
1444,3,1,3,6,3,3,1
91,2,5,2,2,2,2,2
731,2,2,2,2,2,2,2
1798,2,5,2,5,2,2,2
957,4,4,4,4,4,0,0
342,2,2,2,2,2,2,2
481,2,2,2,2,2,2,2
829,4,0,4,0,4,4,0
824,5,5,5,2,5,5,2
527,5,2,5,2,5,5,2
874,4,0,4,0,4,4,0
1865,4,0,4,0,4,4,0
12,2,5,2,2,2,2,2
1602,4,4,4,4,4,4,0
1518,1,1,1,1,1,1,1
880,4,0,4,0,4,4,0
962,5,2,5,2,5,5,2
953,5,5,5,5,5,5,5
529,1,1,1,1,1,1,1
786,2,2,2,2,2,2,2
653,5,5,5,5,5,5,5
1692,5,2,5,5,5,5,5
706,1,1,1,1,1,1,1
451,1,1,1,1,1,3,1
1592,4,0,4,0,4,4,0
1302,0,0,0,0,0,0,0
937,5,5,5,5,5,5,5
1817,1,3,1,1,1,1,1
1515,0,0,0,0,0,0,0
1540,1,1,1,1,1,3,1
1016,4,0,4,4,4,4,0
1162,0,0,0,4,0,0,0
702,0,0,0,0,0,0,0
1430,1,1,1,1,1,3,1
1630,0,4,0,4,0,0,0
1101,5,2,5,2,5,5,2
1659,0,0,0,0,0,0,0
1362,0,0,0,0,0,0,0
1199,5,2,5,2,5,5,2
1552,0,0,0,0,0,0,0
588,0,0,0,4,0,0,0
1581,1,1,5,1,1,3,1
422,1,1,3,1,1,3,1
1599,0,0,0,4,0,0,0
109,6,6,6,1,6,6,1
1208,4,0,4,0,4,4,0
808,0,0,0,0,0,0,0
1309,0,0,0,0,0,0,0
239,0,0,0,4,0,0,0
793,0,0,0,4,0,0,0
936,1,1,1,1,1,3,1
1343,1,1,1,1,1,3,1
1863,2,2,2,2,2,2,2
770,0,0,0,4,0,0,0
21,2,2,2,2,2,2,2
1530,3,1,1,1,3,6,1
697,3,3,3,3,1,3,3
511,0,0,0,0,0,0,0
1575,1,1,1,1,1,1,1
1410,1,1,3,1,1,3,1
147,0,0,0,4,0,0,0
618,5,5,5,2,5,5,2
323,0,0,0,0,0,0,0
1287,3,1,3,6,3,3,1
1694,0,0,0,4,0,0,0
965,1,1,1,1,3,3,1
1320,3,3,3,6,3,3,3
1794,5,5,5,5,5,5,5
1062,1,0,4,4,0,4,0
1010,1,1,1,1,1,6,1
331,3,3,1,3,1,3,3
1519,0,0,0,0,0,0,0
1771,4,4,4,4,4,4,0
167,1,1,1,1,1,6,1
1347,2,5,2,2,2,2,2
1295,1,3,1,6,1,1,3
1176,2,5,2,2,2,2,2
1166,1,3,3,6,3,3,1
1181,0,0,0,0,0,0,0
982,4,4,4,4,4,4,0
440,0,0,0,4,0,0,0
430,3,3,3,6,3,6,3
1086,3,1,1,1,1,1,3
1637,0,0,0,0,0,0,0
211,5,2,5,5,5,5,5
1455,0,0,0,0,0,0,0
803,1,1,1,1,6,6,1
1810,0,0,0,0,0,0,0
604,2,5,2,5,2,2,5
1180,3,1,3,1,3,3,1
401,4,0,4,4,4,4,0
1830,3,3,3,3,1,3,3
1753,0,0,0,0,0,0,0
271,1,1,1,1,1,1,1
902,2,5,2,5,2,2,5
1491,3,3,3,3,3,3,3
1485,0,0,0,0,0,0,0
1087,0,4,4,4,4,4,0
306,2,5,2,5,2,2,5
439,0,0,0,4,0,0,0
11,2,2,2,2,2,2,2
1503,2,2,2,2,2,2,2
1246,5,5,5,5,5,5,2
1846,0,0,0,0,0,0,0
587,5,5,5,2,5,5,2
1783,3,3,3,3,3,3,3
1697,0,0,0,0,0,0,0
27,4,4,4,0,4,4,0
823,4,0,4,0,4,4,0
1378,4,0,4,4,4,4,0
704,4,4,4,4,4,4,0
247,0,0,0,0,0,0,0
212,3,1,3,1,1,3,1
1661,3,1,1,6,1,6,1
958,5,5,5,2,5,5,2
308,1,3,3,1,3,3,1
395,3,3,3,1,3,3,1
195,1,1,1,1,1,1,1
1271,0,4,0,0,0,0,0
1635,3,1,1,1,3,6,1
124,0,0,4,4,0,0,0
417,6,1,1,1,1,6,1
292,1,1,1,1,1,1,1
712,0,0,0,0,0,0,0
836,1,1,3,1,3,3,1
698,0,0,0,0,0,0,0
784,0,0,0,0,0,0,0
1256,4,0,4,0,4,4,0
1128,6,0,0,0,0,0,0
188,2,2,2,2,2,2,2
1864,1,3,3,3,1,3,3
