,KNN_1,KNN_2,KNN_3,KNN_4,KNN_5,KNN_6,KNN_7,QDA_1,QDA_2,QDA_3,QDA_4,QDA_5,QDA_6,QDA_7,LR_1,LR_2,LR_3,LR_4,LR_5,LR_6,LR_7,RF_1,RF_2,RF_3,RF_4,RF_5,RF_6,RF_7,SVC_1,SVC_2,SVC_3,SVC_4,SVC_5,SVC_6,SVC_7,LDA_1,LDA_2,LDA_3,LDA_4,LDA_5,LDA_6,LDA_7
0,39,0,1,0,2,0,0,38,0,1,0,2,0,0,37,0,1,0,2,0,0,39,0,1,0,2,0,0,35,0,1,0,2,0,0,39,0,1,0,2,0,0
1,0,24,0,8,0,0,1,0,21,0,4,0,0,1,0,18,0,1,0,0,1,0,25,0,5,0,0,1,0,16,0,4,0,0,0,0,27,0,3,0,0,2
2,0,0,16,0,0,0,0,0,0,16,0,0,0,0,0,0,16,0,0,0,0,0,0,16,0,0,0,0,0,0,16,0,0,0,0,0,0,16,0,0,0,0
3,0,3,0,6,0,0,1,0,5,0,10,0,0,1,0,6,0,11,0,0,0,0,2,0,9,0,0,1,0,4,0,9,0,0,0,0,0,0,11,0,0,0
4,0,0,0,0,15,0,0,1,0,0,0,15,0,0,2,0,0,0,15,0,0,0,0,0,0,15,0,0,4,0,0,0,15,0,0,0,0,0,0,15,0,0
5,0,0,0,0,0,15,0,0,0,0,0,0,15,0,0,0,0,1,0,15,0,0,0,0,0,0,15,0,0,0,0,0,0,15,0,0,0,0,0,0,15,0
6,0,0,0,0,0,0,0,0,1,0,0,0,0,0,0,3,0,1,0,0,1,0,0,0,0,0,0,0,0,7,0,1,0,0,2,0,0,0,0,0,0,0
7,39,0,0,0,0,1,0,38,0,0,0,1,1,0,38,0,0,0,0,1,0,39,0,0,0,0,1,0,39,0,0,0,0,1,0,39,0,0,0,1,1,0
8,0,25,0,6,0,0,1,0,18,0,2,0,1,1,0,16,0,3,0,2,0,0,25,0,4,0,0,1,0,19,0,2,0,0,0,0,25,0,5,0,2,1
9,0,0,17,0,0,0,0,0,0,17,0,0,0,0,0,0,17,0,0,0,0,0,0,17,0,0,0,0,0,0,17,0,0,0,0,0,0,17,0,0,0,0
10,0,2,0,8,0,0,0,0,9,0,12,0,1,1,0,7,0,10,0,1,1,0,2,0,10,0,0,0,0,6,0,11,0,0,0,0,2,0,9,0,1,1
11,0,0,0,0,17,0,0,1,0,0,0,16,0,0,1,0,0,0,17,0,0,0,0,0,0,17,0,0,0,0,0,0,17,0,0,0,0,0,0,16,0,0
12,0,0,0,0,0,14,0,0,0,0,0,0,12,0,0,0,0,0,0,11,0,0,0,0,0,0,14,0,0,0,0,0,0,14,0,0,0,0,0,0,11,0
13,0,0,0,0,0,0,1,0,0,0,0,0,0,0,0,4,0,1,0,0,1,0,0,0,0,0,0,1,0,2,0,1,0,0,2,0,0,0,0,0,0,0
14,39,1,0,1,1,0,0,39,1,0,1,2,0,0,38,1,0,1,1,0,0,39,1,0,1,1,0,0,38,1,0,1,1,0,0,38,1,0,1,2,0,0
15,0,24,0,0,0,0,0,0,14,0,3,0,0,1,0,17,0,2,0,1,1,0,25,0,1,0,0,1,0,17,0,2,0,1,1,0,22,0,3,0,0,1
16,0,0,17,0,0,0,0,0,0,17,0,0,0,0,0,0,17,0,0,0,0,0,0,17,0,0,0,0,0,0,17,0,0,0,0,0,0,17,0,0,0,0
17,0,2,0,12,0,0,0,0,11,0,10,0,0,1,0,8,0,10,0,0,0,0,1,0,11,0,0,0,0,8,0,9,0,0,0,0,4,0,10,0,1,1
18,0,0,0,0,16,0,0,0,0,0,0,15,0,0,0,0,0,0,16,0,0,0,0,0,0,16,0,0,1,0,0,0,16,0,0,1,0,0,0,15,0,0
19,0,0,0,0,0,15,0,0,0,0,0,0,15,0,0,0,0,0,0,14,0,0,0,0,0,0,15,0,0,0,0,0,0,14,0,0,0,0,0,0,14,0
20,0,0,0,1,0,0,2,0,1,0,0,0,0,0,1,1,0,1,0,0,1,0,0,0,1,0,0,1,0,1,0,2,0,0,1,0,0,0,0,0,0,0
21,39,2,2,2,0,0,0,39,2,2,2,0,0,0,35,2,1,2,0,0,0,39,2,2,2,0,0,0,35,2,1,2,0,0,0,39,2,2,2,0,0,0
22,0,22,0,3,0,0,0,0,17,0,2,0,0,1,0,16,0,2,0,0,1,0,23,0,2,0,0,1,0,15,0,0,0,0,1,0,20,0,4,0,0,2
23,0,0,15,0,0,0,0,0,0,15,0,0,0,0,0,0,15,0,0,0,0,0,0,15,0,0,0,0,0,0,15,0,0,0,0,0,0,15,0,0,0,0
24,0,2,0,9,0,0,0,0,7,0,10,0,0,2,0,6,0,8,0,0,1,0,1,0,10,0,0,0,0,5,0,9,0,0,0,0,4,0,8,0,0,1
25,0,0,0,0,17,0,0,0,0,0,0,17,0,0,4,0,1,0,17,0,0,0,0,0,0,17,0,0,4,0,1,0,17,0,0,0,0,0,0,17,0,0
26,0,0,0,0,0,15,0,0,0,0,0,0,15,0,0,0,0,1,0,15,0,0,0,0,0,0,15,0,0,0,0,0,0,15,0,0,0,0,0,0,15,0
27,0,0,0,0,0,0,3,0,0,0,0,0,0,0,0,2,0,1,0,0,1,0,0,0,0,0,0,2,0,4,0,3,0,0,2,0,0,0,0,0,0,0
28,39,2,1,0,0,0,0,39,2,1,0,0,0,0,39,2,1,0,0,0,0,39,2,1,0,0,0,0,39,2,1,0,0,0,0,39,2,1,0,0,0,0
29,0,21,0,5,0,0,2,0,20,0,1,0,0,1,0,15,0,2,0,0,1,0,24,0,2,0,0,0,0,13,0,1,0,0,0,0,22,0,5,0,0,3
30,0,0,16,0,0,0,0,0,0,16,0,0,0,0,0,0,16,0,0,0,0,0,0,16,0,0,0,0,0,0,16,0,0,0,0,0,0,16,0,0,0,0
31,0,3,0,9,0,0,0,0,3,0,12,0,0,1,0,4,0,9,0,0,0,0,0,0,12,0,0,1,0,5,0,11,0,0,0,0,2,0,9,0,0,0
32,0,0,0,0,17,0,0,0,0,0,0,17,0,0,0,0,0,0,17,0,0,0,0,0,0,17,0,0,0,0,0,0,17,0,0,0,0,0,0,17,0,0
33,0,0,0,0,0,15,0,0,0,0,1,0,15,0,0,0,0,1,0,15,0,0,0,0,0,0,15,0,0,0,0,0,0,15,0,0,0,0,0,0,15,0
34,0,0,0,0,0,0,1,0,1,0,0,0,0,1,0,5,0,2,0,0,2,0,0,0,0,0,0,2,0,6,0,2,0,0,3,0,0,0,0,0,0,0
35,38,1,0,0,0,1,1,39,1,0,0,0,1,1,36,1,0,0,0,1,1,39,1,0,0,0,1,1,36,1,0,0,0,1,1,39,1,0,0,0,1,1
36,1,19,0,1,0,0,2,0,14,0,5,0,0,2,0,11,0,0,0,1,2,0,18,0,1,0,0,2,0,12,0,1,0,0,1,0,17,0,4,0,0,2
37,0,0,17,0,0,0,0,0,0,17,0,0,0,0,0,0,17,0,0,0,0,0,0,17,0,0,0,0,0,0,17,0,0,0,0,0,0,17,0,0,0,0
38,0,6,0,13,0,0,0,0,10,0,9,0,0,0,0,12,0,11,0,0,0,0,7,0,13,0,0,0,0,7,0,9,0,0,0,0,8,0,10,0,1,0
39,0,0,0,0,17,0,0,0,0,0,0,17,0,0,2,0,0,0,17,0,0,0,0,0,0,17,0,0,3,0,0,0,17,0,0,0,0,0,0,17,0,0
40,0,0,0,0,0,14,0,0,0,0,0,0,14,0,0,1,0,0,0,13,0,0,0,0,0,0,14,0,0,0,0,0,0,14,0,0,0,0,0,0,13,0
41,0,0,0,0,0,0,0,0,1,0,0,0,0,0,1,1,0,3,0,0,0,0,0,0,0,0,0,0,0,6,0,4,0,0,1,0,0,0,0,0,0,0
42,38,3,0,0,0,0,0,34,3,0,0,0,0,0,32,3,0,0,0,0,0,38,3,0,0,1,0,0,33,3,0,0,0,0,0,38,3,0,0,2,0,0
43,0,19,0,3,0,0,1,1,16,0,5,0,0,2,0,12,0,3,0,1,0,0,19,0,5,0,0,1,0,12,0,3,0,0,0,0,14,0,5,0,1,2
44,0,0,16,0,0,0,0,0,0,16,0,0,0,0,0,0,16,0,0,0,0,0,0,16,0,0,0,0,0,0,16,0,0,0,0,0,0,16,0,0,0,0
45,0,5,0,11,0,0,1,0,8,0,9,0,0,1,0,10,0,11,0,0,0,0,5,0,9,0,0,1,0,9,0,11,0,0,0,0,10,0,9,0,0,1
46,0,0,0,0,16,0,0,3,0,0,0,16,0,0,4,0,0,0,16,0,0,0,0,0,0,15,0,0,5,0,0,0,16,0,0,0,0,0,0,14,0,0
47,0,0,0,0,0,16,0,0,0,0,0,0,16,0,0,0,0,0,0,15,0,0,0,0,0,0,16,0,0,0,0,0,0,16,0,0,0,0,0,0,15,0
48,0,0,0,0,0,0,1,0,0,0,0,0,0,0,2,2,0,0,0,0,3,0,0,0,0,0,0,1,0,3,0,0,0,0,3,0,0,0,0,0,0,0
49,38,0,0,0,0,2,0,36,0,0,0,0,2,0,34,0,0,0,0,2,0,38,0,0,0,1,2,0,34,0,0,0,0,2,0,38,0,0,0,0,2,0
50,0,22,0,2,0,0,1,0,21,0,2,0,0,1,0,11,0,2,0,0,0,0,24,0,2,0,0,1,0,16,0,3,0,0,0,0,22,0,7,0,0,2
51,0,0,16,0,0,0,0,0,0,16,0,0,0,0,0,0,16,0,0,0,0,0,0,16,0,0,0,0,0,0,16,0,0,0,0,0,0,16,0,0,0,0
52,0,4,0,12,0,0,1,0,5,0,12,0,0,2,0,7,0,11,0,0,1,0,3,0,12,0,0,1,0,8,0,10,0,0,0,0,5,0,7,0,0,1
53,0,0,0,0,16,0,0,2,0,0,0,16,0,0,3,0,0,0,16,0,0,0,0,0,0,15,0,0,4,0,0,0,16,0,0,0,0,0,0,16,0,0
54,0,0,0,0,0,14,0,0,0,0,0,0,14,0,0,1,0,0,0,14,0,0,0,0,0,0,14,0,0,0,0,0,0,14,0,0,0,0,0,0,14,0
55,0,1,0,0,0,0,1,0,1,0,0,0,0,0,1,8,0,1,0,0,2,0,0,0,0,0,0,1,0,3,0,1,0,0,3,0,0,0,0,0,0,0
56,38,0,0,0,2,1,0,37,0,0,0,2,1,0,34,0,0,0,2,1,0,37,0,0,0,2,1,0,34,0,0,0,2,1,0,38,0,0,0,2,1,0
57,0,26,0,3,0,0,0,0,18,0,5,0,0,0,0,16,0,2,0,0,0,0,26,0,2,0,0,0,0,17,0,2,0,0,0,0,26,0,5,0,0,0
58,0,0,16,0,0,0,0,0,0,16,0,0,0,0,0,0,16,0,0,0,0,0,0,16,0,0,0,0,0,0,16,0,0,0,0,0,0,16,0,0,0,0
59,0,1,0,11,0,0,0,0,9,0,9,0,0,2,0,6,0,12,0,0,1,0,1,0,12,0,0,0,0,6,0,10,0,0,0,0,1,0,9,0,0,2
60,0,0,0,0,15,0,0,1,0,0,0,15,0,0,3,0,0,0,15,0,0,1,0,0,0,15,0,0,4,0,0,0,15,0,0,0,0,0,0,15,0,0
61,0,0,0,0,0,15,0,0,0,0,0,0,15,0,0,0,0,0,0,15,0,0,0,0,0,0,15,0,0,0,0,0,0,15,0,0,0,0,0,0,15,0
62,0,0,0,0,0,0,2,0,0,0,0,0,0,0,1,5,0,0,0,0,1,0,0,0,0,0,0,2,0,4,0,2,0,0,2,0,0,0,0,0,0,0
63,38,1,1,0,1,0,0,37,1,0,0,1,0,0,34,1,0,0,1,0,0,36,1,1,0,2,0,0,35,1,0,0,1,0,0,38,1,1,0,2,0,0
64,0,24,0,3,0,0,1,0,17,0,1,0,0,1,0,16,0,1,0,0,1,0,24,0,3,0,0,1,0,18,0,1,0,0,1,0,24,0,4,0,0,1
65,0,0,15,0,0,0,0,0,0,15,0,0,0,0,0,0,15,0,0,0,0,0,0,15,0,0,0,0,0,0,15,0,0,0,0,0,0,15,0,0,0,0
66,0,2,0,11,0,0,0,0,9,0,13,0,0,1,1,6,0,8,0,0,1,0,2,0,11,0,0,1,0,4,0,8,0,0,0,0,2,0,10,0,0,1
67,0,0,0,0,16,0,0,1,0,1,0,16,0,0,3,0,1,0,16,0,0,2,0,0,0,15,0,0,3,0,1,0,16,0,0,0,0,0,0,15,0,0
68,0,0,0,0,0,16,0,0,0,0,0,0,16,0,0,0,0,0,0,16,0,0,0,0,0,0,16,0,0,0,0,0,0,16,0,0,0,0,0,0,16,0
69,0,0,0,0,0,0,1,0,0,0,0,0,0,0,0,4,0,5,0,0,0,0,0,0,0,0,0,0,0,4,0,5,0,0,1,0,0,0,0,0,0,0
