,y_val,KNN_pred,QDA_pred,SVC_pred
1377,0,0,2,0
209,5,1,2,5
1310,0,0,3,0
1461,2,0,5,0
59,2,3,5,2
1694,0,0,5,2
1478,0,0,3,0
364,5,5,5,5
1164,0,0,5,0
594,0,0,3,0
1050,1,5,3,5
1776,6,0,3,0
1139,0,1,3,0
742,2,0,6,0
1359,0,0,6,6
1757,1,3,3,3
119,2,0,2,0
1169,0,0,6,4
675,4,1,5,4
523,5,5,0,5
514,3,1,4,3
82,5,3,3,4
1081,4,1,3,3
893,1,1,3,5
381,1,0,3,3
1581,1,3,2,5
85,0,0,6,0
1711,1,5,0,5
330,2,2,2,2
977,4,1,6,4
1384,2,0,3,0
1038,0,0,0,0
967,0,0,2,0
1844,1,0,3,0
452,0,0,0,0
491,0,2,6,0
1649,2,2,2,2
288,0,0,3,0
803,1,1,3,3
1852,1,4,0,3
1275,4,1,0,3
1171,4,4,3,4
875,3,1,3,4
1362,0,0,3,0
775,2,2,6,2
811,0,0,0,0
1011,2,0,0,2
1546,5,5,5,5
328,1,5,3,5
1611,0,0,0,0
713,0,0,0,0
1000,0,0,6,0
1019,1,1,4,3
1858,1,1,5,4
178,1,0,5,0
906,3,4,0,4
695,0,0,6,0
87,2,2,5,2
1336,1,1,3,4
1771,4,1,3,4
458,0,0,4,0
55,3,4,3,5
1404,2,1,0,3
222,4,1,3,4
114,1,1,3,4
860,4,1,3,4
1541,0,0,6,0
974,5,5,2,5
175,5,4,2,5
846,5,3,3,5
590,0,0,5,3
1865,4,4,5,4
19,1,1,3,3
424,3,4,5,4
1538,4,5,3,5
286,1,1,3,5
1484,4,0,3,0
429,5,1,0,4
1782,2,2,2,2
1240,4,0,4,3
32,1,1,5,4
825,4,1,3,4
1574,1,1,5,5
215,5,3,0,4
1254,5,5,2,5
327,1,1,5,3
561,4,1,0,5
1041,5,1,4,5
1492,0,1,3,0
1114,0,4,2,4
342,2,4,3,4
630,3,5,3,3
148,1,0,2,0
361,0,0,6,0
84,1,0,3,0
49,1,0,0,0
469,0,0,6,4
156,2,3,6,2
1331,2,0,6,0
1503,2,0,6,0
1126,4,0,0,0
1526,3,1,4,5
501,1,4,3,6
180,3,3,2,5
1218,2,0,2,0
901,0,0,2,0
693,3,0,5,0
773,0,0,0,0
1517,5,1,3,5
529,1,0,0,0
347,5,3,2,5
1293,3,4,3,5
1827,6,1,0,4
716,5,5,2,5
1053,1,1,5,4
887,4,1,2,4
950,0,0,6,0
1671,4,4,2,5
1424,0,2,5,4
313,0,0,2,0
436,1,2,5,4
661,0,0,5,0
1084,0,0,0,0
1117,0,0,3,0
297,3,4,3,4
1215,0,0,2,0
1520,0,0,0,0
768,3,2,3,4
210,0,0,6,2
1560,3,4,5,5
1475,3,1,5,5
602,5,5,3,5
244,2,4,5,4
786,2,0,6,2
1770,5,5,2,5
820,4,3,3,5
309,2,2,2,2
431,1,5,3,5
371,4,3,3,4
567,2,0,5,0
1829,2,1,5,4
182,1,3,3,4
622,1,4,0,4
723,5,1,5,5
835,5,4,2,5
1717,1,5,3,4
1862,4,3,0,3
462,2,2,5,6
1103,2,2,0,2
378,1,0,0,0
106,1,3,4,3
127,2,6,2,3
1059,4,4,0,5
966,1,1,2,4
356,4,3,3,3
1729,1,0,2,0
683,1,1,3,4
1101,5,4,3,5
1722,5,1,5,5
141,1,0,0,0
1341,1,1,3,3
1162,0,0,6,2
1290,0,0,6,0
1579,0,0,3,0
712,0,0,2,0
1183,4,4,4,4
1859,2,2,5,0
756,3,4,5,5
11,2,2,2,2
1587,0,0,6,0
1667,0,2,4,0
283,5,1,4,4
292,1,0,2,0
627,0,4,6,6
1437,5,5,3,5
758,4,2,5,2
130,5,5,3,5
1106,3,4,0,4
324,5,1,4,5
1014,1,1,5,4
744,4,1,2,3
844,3,1,4,3
1740,3,1,5,3
1327,5,4,3,5
1325,4,5,5,4
696,6,4,2,4
985,4,1,0,2
938,1,0,4,0
159,0,0,4,0
866,1,0,5,0
635,5,1,5,5
517,3,3,2,3
1332,3,1,4,5
598,2,0,5,0
196,0,0,6,0
1539,6,0,0,0
766,5,1,5,5
411,1,0,2,0
97,4,1,2,4
1531,3,1,5,3
1007,0,0,2,2
157,4,1,5,3
420,2,2,6,0
1513,4,0,6,0
478,0,0,0,0
916,3,1,5,4
669,2,2,5,2
1464,0,0,4,0
964,1,4,5,5
1212,4,1,4,3
448,5,0,6,2
1147,0,0,6,0
179,1,0,3,0
391,4,4,5,5
579,1,1,5,3
1395,0,0,3,3
1693,1,0,3,0
1540,1,4,3,3
1321,4,1,5,1
910,1,0,2,0
862,5,4,4,4
949,0,0,3,0
665,1,1,3,3
143,0,0,0,0
1419,0,0,0,0
1845,4,3,3,3
422,1,4,3,4
637,0,0,4,0
1311,1,1,2,3
1466,2,0,6,0
295,2,0,4,0
1774,0,0,3,0
89,2,0,5,2
42,2,0,5,0
1802,3,1,3,3
132,1,1,5,5
1582,1,0,3,0
986,0,0,5,0
1730,0,0,6,0
165,0,0,0,0
1853,3,1,6,4
779,3,5,3,5
349,0,0,0,0
1421,0,0,5,0
1661,3,0,6,0
1491,3,1,5,3
899,0,0,2,0
817,0,0,2,2
1732,0,3,3,2
1054,0,0,3,0
329,0,0,4,0
927,3,4,0,4
1621,0,2,2,0
650,0,0,6,0
259,0,0,3,0
139,0,2,2,3
1209,0,0,2,0
140,0,0,5,0
787,0,0,4,0
1609,0,0,4,2
1028,0,0,2,0
1179,0,2,5,2
1346,6,0,2,4
616,5,1,3,5
1493,4,1,4,3
1683,2,2,2,2
998,4,1,3,5
1655,1,1,0,5
725,5,5,2,5
291,4,3,3,3
1768,1,0,0,3
894,1,3,5,4
572,4,3,0,4
1759,1,1,0,3
1227,1,5,3,5
459,4,3,3,5
376,1,4,3,4
334,1,0,2,0
1738,1,1,3,3
1666,5,5,4,5
1361,2,0,0,4
1262,4,3,6,3
882,4,0,5,4
1079,5,5,3,5
1798,2,5,0,4
319,3,4,3,4
1432,1,0,4,0
1266,1,5,0,5
168,2,1,5,4
13,2,2,5,2
172,4,0,0,0
261,5,1,4,4
1537,6,0,4,0
1314,1,4,3,5
673,3,0,3,0
845,2,2,0,2
1119,2,0,6,0
1715,1,1,3,5
550,4,1,2,5
1727,2,0,6,2
1429,1,0,3,0
1104,1,0,3,3
559,3,2,2,3
1623,3,1,4,4
532,2,2,6,2
225,1,2,3,3
724,4,3,0,4
965,1,1,2,3
410,2,0,5,0
326,5,4,0,5
300,1,1,0,4
1068,5,1,2,5
1408,0,0,5,0
1734,0,0,2,0
715,0,0,6,0
1250,1,4,4,5
194,0,0,2,0
441,1,3,4,3
574,0,0,6,0
504,5,5,2,5
606,1,0,3,4
1288,0,0,3,0
1091,0,0,6,0
1669,2,0,3,4
847,5,3,3,3
4,0,0,3,0
1145,0,0,6,2
468,5,1,3,5
322,2,3,3,3
6,0,0,3,0
223,1,1,4,4
548,5,5,3,5
229,5,4,5,3
40,0,0,3,0
543,0,0,0,0
243,5,5,4,5
1790,2,3,3,4
137,1,0,2,0
1425,5,5,2,5
1640,0,0,3,0
1473,1,0,2,0
907,5,1,3,5
830,2,0,2,0
446,2,2,0,2
843,0,0,6,0
1762,1,1,3,3
1197,0,0,6,0
1704,1,3,3,3
1648,0,0,4,0
1836,4,3,0,3
662,1,1,3,4
437,0,0,3,0
1731,0,0,0,0
1379,0,0,5,0
1133,4,3,2,4
315,4,1,6,3
443,0,1,0,4
1489,0,0,5,0
320,0,4,6,2
282,0,0,0,0
1769,2,0,2,2
1406,1,0,6,4
425,2,0,2,0
554,4,1,3,3
595,4,1,5,5
1830,3,3,5,5
975,0,0,3,2
1512,3,2,6,2
939,0,0,2,0
1510,0,0,4,0
1447,4,1,0,4
1855,3,3,3,3
580,4,5,5,3
212,3,4,5,5
145,0,0,0,0
537,3,4,5,3
1048,0,0,3,0
273,0,0,6,0
1108,0,0,3,0
1846,0,0,3,0
631,0,0,5,0
1608,0,0,5,0
506,0,0,6,0
1080,0,0,4,0
3,3,1,2,5
1263,0,0,6,0
1085,0,0,0,0
666,0,4,6,2
365,0,1,0,0
216,3,3,5,5
48,3,0,2,2
56,3,3,0,3
73,3,1,3,5
1403,6,4,3,4
1323,5,1,3,5
582,5,1,4,3
377,5,3,4,3
1115,6,0,6,0
369,1,0,6,0
1297,1,1,0,3
1097,2,4,4,4
228,1,0,5,0
1027,2,0,4,2
67,1,1,2,0
394,5,3,3,5
25,1,0,6,0
1841,5,3,3,5
812,4,1,3,4
989,1,1,3,0
86,2,2,5,2
1684,5,1,3,3
953,5,1,4,5
1202,2,2,2,2
988,2,2,2,2
1745,4,0,0,0
1304,2,0,3,3
1279,2,3,2,4
1719,4,0,5,2
274,1,5,4,5
508,5,4,3,5
1343,1,1,3,4
363,5,4,3,5
1809,4,4,3,3
623,1,1,5,4
7,1,1,3,4
1469,5,5,5,5
312,1,0,0,0
1839,1,0,0,0
1285,4,3,2,3
983,0,0,6,0
28,0,3,2,4
1340,2,0,3,0
526,0,0,6,0
1712,2,0,3,0
1010,1,1,5,4
639,1,4,0,5
303,1,2,6,0
719,1,0,5,0
692,1,0,3,4
1467,1,0,2,0
1269,2,0,3,2
625,1,1,5,4
8,4,1,3,4
257,1,4,4,4
804,0,0,6,0
26,0,0,2,3
337,1,1,0,3
573,1,4,4,3
1382,5,3,3,5
107,1,1,4,3
350,1,1,3,4
239,0,0,3,2
214,0,0,2,0
121,0,0,3,0
1665,0,0,3,0
1238,0,0,6,0
794,4,3,5,3
923,3,3,3,4
813,5,3,5,5
1612,4,1,5,4
78,0,0,2,6
945,1,2,3,0
1051,1,0,0,0
46,3,0,5,4
1566,3,4,0,4
524,4,2,2,4
233,0,1,0,0
645,0,0,4,0
1449,3,1,4,3
534,5,5,5,5
604,2,1,5,4
1132,3,3,3,4
1490,0,0,0,0
61,0,0,5,0
1180,3,4,5,4
93,0,0,3,0
667,5,4,5,5
281,4,3,3,3
1042,2,4,3,3
360,2,1,0,3
1842,5,1,5,5
1861,2,3,3,2
848,3,3,3,3
111,3,0,6,2
43,0,0,3,0
126,4,1,5,4
53,2,0,5,0
1448,0,0,0,0
184,4,5,3,5
138,4,3,3,3
133,4,1,4,4
81,0,0,0,0
1442,3,3,5,5
542,4,1,2,3
1494,0,0,2,0
984,4,1,2,3
166,0,0,6,0
249,0,0,5,0
447,0,6,6,3
1076,0,0,2,0
859,4,5,5,4
98,0,0,3,2
1840,2,2,2,2
1177,0,0,5,0
919,3,3,3,3
1603,2,0,5,0
1565,3,0,2,4
763,3,4,3,4
990,0,0,6,0
389,3,0,6,0
1656,0,1,4,3
268,3,1,0,3
674,0,0,0,0
250,0,0,4,0
34,0,0,0,0
449,6,1,3,4
717,0,0,0,0
1420,0,0,2,0
1047,0,0,6,0
771,0,0,4,0
1217,0,0,6,0
1324,0,0,4,0
1824,0,0,2,0
1232,0,0,3,0
1628,1,4,4,4
1284,5,5,2,5
205,1,0,2,0
546,1,1,5,3
69,5,3,5,5
1064,5,4,3,5
900,1,0,5,0
797,1,0,5,0
1134,4,4,2,5
738,1,3,6,3
103,4,1,4,3
435,1,0,5,0
75,4,5,4,5
1674,1,0,5,0
1125,1,0,3,0
1518,1,2,6,1
236,4,1,3,4
1112,3,3,3,3
118,1,0,0,0
1504,3,1,3,3
1356,5,5,5,5
95,3,3,3,4
1367,1,5,4,5
1563,4,0,3,4
1746,3,3,3,3
1,1,3,3,4
1282,1,5,4,4
1102,1,2,2,0
83,5,5,3,5
1203,4,1,3,5
677,5,1,4,5
1663,2,2,2,2
1138,1,3,3,4
1487,5,1,5,5
1481,3,1,5,3
1792,5,1,3,5
405,1,0,3,4
1616,3,1,3,4
1211,3,1,5,4
105,5,5,5,5
689,3,3,5,3
827,3,0,3,0
63,5,1,2,5
853,5,3,0,5
1413,2,1,6,3
224,5,1,3,5
146,5,1,3,5
1089,4,2,3,3
374,4,1,3,3
1482,3,4,6,3
1499,5,1,2,3
10,4,1,0,3
450,1,0,5,0
709,1,1,2,4
256,2,0,3,0
883,0,0,3,0
390,4,3,3,3
909,0,1,5,0
925,0,0,6,0
1596,2,0,6,2
1741,0,0,5,0
461,0,0,0,0
1186,0,0,3,0
959,0,0,5,0
502,5,4,5,5
740,2,0,5,2
1760,0,0,2,0
869,0,0,2,0
732,0,0,4,0
540,0,0,6,0
698,0,0,6,0
1804,4,4,2,4
1650,0,0,3,0
1146,4,1,5,3
1032,3,5,5,5
373,0,0,3,0
668,2,2,3,2
1428,0,0,5,0
358,3,1,3,4
968,0,1,3,0
784,0,0,5,0
736,4,4,2,3
971,2,0,6,3
1615,3,4,5,3
1506,1,0,2,0
1426,4,5,4,5
1393,0,0,2,0
1783,3,4,3,3
1607,0,0,5,0
80,2,2,3,2
1173,1,1,3,3
815,2,3,3,3
1542,0,0,3,0
58,0,0,5,0
134,4,1,0,4
1141,0,0,6,0
1577,4,3,2,3
505,1,4,3,4
348,0,0,3,0
387,0,2,3,0
1025,2,0,5,0
829,4,3,5,3
1394,0,0,4,0
1302,0,0,3,2
173,0,1,3,0
1150,1,0,3,0
39,2,2,6,2
714,0,0,6,6
91,2,2,3,0
1805,0,0,2,0
1259,1,0,2,0
1270,1,0,2,0
1825,0,1,2,0
500,0,1,3,0
1189,1,0,4,0
946,0,0,0,0
170,0,0,0,0
1352,2,3,3,3
1033,2,2,2,2
588,0,0,2,0
751,0,0,3,0
658,0,0,0,0
1528,0,0,3,0
1157,0,0,3,0
1210,2,0,0,3
1066,0,0,6,0
109,6,0,4,0
1049,2,0,6,0
1567,2,0,6,0
1752,6,0,5,0
192,6,0,3,0
1036,5,5,3,5
886,3,2,0,4
672,3,3,4,3
1434,3,1,3,5
934,3,3,2,4
824,5,1,2,5
1658,5,5,4,5
895,3,5,5,5
1765,4,5,0,3
476,5,5,2,5
653,5,5,3,5
876,3,1,3,4
1094,4,3,5,3
1156,5,5,3,5
339,5,1,5,5
29,1,1,3,3
1234,1,3,5,3
1700,5,5,5,5
1198,4,1,4,4
913,5,5,2,5
492,4,1,3,5
954,1,3,2,3
1098,1,1,5,5
235,1,0,2,0
733,3,1,5,4
1477,1,5,2,5
1524,3,0,3,0
935,1,0,3,0
1443,1,1,0,4
569,0,0,0,0
1168,4,1,2,1
1175,0,0,2,0
891,1,1,3,5
948,1,0,5,0
1260,1,0,3,0
1335,4,1,3,3
1619,0,0,5,0
885,0,0,5,0
851,0,0,5,0
735,4,3,3,4
718,0,0,2,0
455,4,3,0,5
265,5,5,3,5
76,1,3,3,3
1553,5,0,6,0
445,0,0,3,0
396,0,0,5,0
177,2,0,2,0
1043,1,1,0,4
1624,4,1,4,5
1306,2,2,2,2
1286,5,5,2,3
596,2,1,3,4
62,4,0,4,4
873,1,0,6,0
1392,0,0,6,0
279,4,4,0,4
37,1,3,4,5
1418,0,0,2,0
663,5,3,5,5
1687,4,4,3,3
1348,2,0,6,4
978,0,0,6,0
1472,2,0,3,4
739,2,2,5,2
920,4,1,3,3
457,0,0,6,0
676,1,3,3,4
761,0,0,6,0
1848,1,2,3,4
729,1,0,5,0
413,1,0,3,0
1099,0,1,5,0
826,2,2,2,2
1511,0,1,0,0
617,2,3,6,4
115,5,1,3,5
418,0,0,6,0
1780,0,0,0,0
970,3,1,0,4
605,2,3,5,3
1787,2,0,6,2
90,5,5,2,5
849,4,5,5,5
1422,2,0,6,0
1786,1,1,3,3
754,3,0,3,4
499,3,3,2,4
1277,1,3,5,3
12,2,0,3,0
397,0,0,0,0
285,0,0,3,0
1067,1,1,3,5
1192,0,0,5,0
1631,0,0,6,0
691,2,0,6,0
1758,0,0,2,0
690,2,4,3,3
852,0,0,2,0
160,0,0,3,0
896,2,1,4,0
1476,1,1,2,0
258,0,1,6,0
336,0,2,5,0
1753,0,0,2,0
1040,1,3,3,4
516,4,3,3,4
1016,4,4,0,4
1633,0,0,0,0
1204,3,1,3,3
1371,4,1,6,3
522,0,2,6,2
23,0,0,5,0
357,1,0,0,0
1278,0,4,2,6
1313,2,0,6,0
1576,1,0,2,0
341,2,0,6,0
432,6,1,3,0
1228,0,0,3,0
1495,0,0,2,0
1012,0,0,5,0
94,0,1,4,4
1071,0,0,6,2
1093,0,2,3,4
1309,0,0,4,0
697,3,1,5,3
154,0,0,0,0
1213,3,3,3,5
921,6,0,2,0
1128,6,0,6,0
1527,5,5,4,5
769,5,5,3,5
762,5,4,2,4
1247,5,3,2,5
1850,4,1,5,4
474,2,0,3,0
218,1,0,2,0
912,4,3,3,3
1816,4,2,3,3
1009,4,1,5,3
1708,1,5,3,3
1675,1,3,5,3
997,1,0,3,0
1100,0,0,5,0
1610,4,4,2,2
1864,1,5,5,5
790,0,3,6,4
581,5,5,2,5
704,4,1,2,4
1296,0,0,2,0
1561,5,1,2,5
1261,4,0,3,4
488,0,0,0,0
560,1,1,3,5
1142,0,0,5,0
1120,0,0,2,0
802,0,0,0,0
513,2,0,6,0
634,0,0,4,0
1381,5,5,3,5
1670,2,0,4,0
1151,1,3,4,3
791,5,3,4,5
117,4,5,3,5
741,2,0,3,0
1583,1,0,4,0
1082,0,0,6,0
831,0,0,6,0
120,2,1,4,0
657,2,0,2,0
1777,0,0,5,4
636,2,0,6,2
370,0,2,6,2
269,2,0,3,0
656,1,0,3,0
936,1,4,5,4
823,4,0,6,3
867,4,1,3,4
47,0,0,6,0
1374,0,0,2,0
1600,1,4,3,4
992,3,3,4,3
877,5,1,3,4
774,0,0,3,0
1220,2,0,3,0
1866,0,4,5,4
5,1,0,5,0
1004,2,4,3,3
1613,4,3,3,4
264,0,0,2,0
1470,2,2,5,2
1709,1,5,3,3
444,1,5,3,3
1003,0,0,6,0
1078,0,0,0,0
838,0,0,6,0
1673,1,3,6,3
305,1,1,3,4
1366,1,0,6,0
1458,1,1,3,3
314,0,0,3,0
150,4,1,2,4
1149,2,2,5,2
1214,0,0,2,0
575,4,1,3,3
51,1,3,0,3
1453,1,1,3,4
727,0,0,0,2
834,3,3,3,4
1378,4,3,3,4
1116,3,3,3,3
1167,2,1,6,6
471,1,0,5,4
972,4,1,3,3
654,3,1,5,4
400,1,3,2,3
512,3,4,5,3
321,3,0,3,3
20,0,0,0,0
685,2,0,5,0
36,2,2,5,1
903,1,0,3,0
828,4,1,3,3
1678,3,4,4,4
408,0,0,5,0
538,0,0,6,0
759,0,0,5,0
1063,1,0,5,3
1200,1,3,5,4
246,0,0,5,0
1417,0,0,2,0
785,3,2,2,4
490,1,0,3,0
155,0,0,0,0
962,5,1,5,5
854,3,1,5,3
1312,1,4,3,4
686,3,4,4,3
570,5,4,2,5
1778,0,0,6,2
18,5,4,3,3
128,5,5,3,5
1347,2,0,0,0
1280,0,4,3,4
981,0,0,6,0
1831,0,2,0,4
191,0,0,5,0
1140,0,0,3,3
1552,0,0,6,0
607,0,0,6,0
1588,3,1,2,3
17,3,5,3,5
1073,5,5,5,5
547,5,1,4,5
1755,5,1,3,5
798,3,4,5,3
1389,3,0,3,3
1761,6,0,6,0
641,6,2,0,3
955,6,1,5,0
1629,4,4,0,3
626,1,0,2,0
1462,1,3,0,3
1835,4,1,6,1
928,4,5,3,5
993,2,0,0,0
1822,4,1,3,3
181,0,0,0,0
302,1,0,5,0
497,2,0,4,3
1601,0,0,4,0
1557,1,3,6,3
1630,0,0,2,0
518,4,1,6,3
1851,1,3,3,4
1070,4,4,5,3
477,1,4,3,4
158,1,0,6,0
1244,1,1,5,5
1196,0,0,6,0
1838,4,4,6,4
659,0,0,6,0
1522,0,0,6,0
1020,4,0,2,2
1558,0,0,6,0
960,1,3,5,5
284,2,0,6,0
1736,2,0,6,2
226,0,0,6,0
27,4,4,6,5
1654,1,0,0,0
438,2,1,3,4
1815,0,3,5,0
230,0,0,0,0
38,5,5,5,5
750,0,0,6,0
1046,3,0,3,4
1399,1,0,6,0
470,0,0,5,0
1828,0,0,5,0
1834,0,0,6,0
688,4,0,0,2
1720,1,0,3,0
640,2,0,5,0
1604,5,0,5,0
1219,1,0,4,0
1159,1,1,4,4
1416,3,4,0,3
1551,2,2,0,2
1301,0,0,6,0
1702,1,0,5,0
801,0,0,6,0
161,2,0,6,4
957,4,0,3,4
1187,3,1,6,3
822,4,1,3,3
1575,1,0,6,0
878,4,0,3,2
914,3,4,5,4
153,0,0,0,0
1714,2,2,3,2
1660,3,1,2,4
510,4,1,6,3
1136,3,1,5,4
1251,1,0,3,0
1559,4,2,5,3
104,0,0,2,0
1446,1,1,6,4
1444,3,1,4,3
587,5,5,3,5
1652,2,0,6,0
1144,5,5,5,5
54,0,1,0,0
152,5,1,0,5
404,5,5,4,5
1810,0,0,6,0
208,2,2,3,2
1767,3,3,3,2
1123,1,0,3,0
1636,4,0,3,3
9,2,0,6,0
1015,5,4,5,5
1677,5,5,2,5
1061,1,0,0,0
453,0,0,6,0
1328,0,0,6,0
897,0,0,6,4
881,3,1,3,3
624,5,1,4,5
1595,5,5,2,5
1322,2,2,3,2
1439,1,0,6,0
151,1,1,3,5
473,1,0,6,2
1849,5,3,2,5
1756,0,0,0,0
489,1,0,4,0
1692,5,4,3,5
1172,0,0,3,2
147,0,0,2,0
1797,2,2,2,4
403,3,1,0,4
1763,0,0,6,0
660,1,3,3,3
1373,0,0,4,0
464,1,0,2,0
1350,2,0,5,0
187,0,0,0,0
1148,2,2,3,2
1225,3,4,2,3
609,1,1,5,4
752,0,2,6,0
1535,5,5,5,5
280,0,0,5,0
1703,0,1,6,4
203,0,0,3,0
247,0,0,2,0
1427,6,0,2,4
1643,5,0,6,0
642,3,1,6,4
2,0,0,5,0
113,6,2,5,4
699,0,0,2,0
1784,0,0,0,1
1635,3,3,6,3
1411,3,4,0,4
1534,0,0,3,0
1689,5,1,4,5
1258,5,1,2,5
398,6,0,6,0
254,4,1,3,4
1622,4,2,0,4
346,4,5,3,3
263,4,1,3,5
551,4,1,2,4
929,4,0,5,3
1597,4,0,5,2
144,1,1,6,5
982,4,0,3,2
198,1,0,6,0
884,4,4,3,3
294,2,2,0,2
401,4,2,3,4
123,4,1,6,3
1208,4,1,0,4
1463,4,0,2,0
836,1,1,2,3
1440,1,3,2,3
1773,4,2,3,3
1754,1,1,5,3
1154,1,0,0,0
385,2,0,0,0
855,1,0,5,0
1590,2,0,5,0
220,2,0,5,2
952,2,1,2,2
1410,1,4,5,4
1292,2,0,5,0
442,1,0,0,0
1521,3,3,4,4
1137,0,0,2,0
1257,0,0,0,0
1739,1,1,3,4
1632,3,1,5,5
1398,0,6,6,0
664,0,0,6,0
1713,1,0,6,0
1657,5,1,4,5
318,0,0,0,4
649,2,6,2,2
1435,1,1,5,4
1480,0,0,4,0
710,1,0,2,0
1383,5,1,3,5
1283,1,1,3,4
973,0,0,4,0
628,0,0,6,0
633,1,3,3,3
1307,0,0,0,0
1401,0,0,0,0
1409,5,5,5,5
1249,0,2,6,0
1819,0,0,5,0
1255,1,4,5,4
1497,0,0,0,0
1372,0,0,0,0
1530,3,0,6,2
1355,0,0,2,0
1794,5,0,2,5
1772,0,0,6,0
1644,5,4,4,5
1860,2,0,6,2
796,0,0,6,0
646,3,4,0,4
1013,0,0,2,0
1716,3,1,5,4
557,1,0,6,0
682,0,0,6,2
578,0,0,6,0
1110,0,0,6,0
1267,4,4,0,4
1184,1,1,3,4
525,0,0,0,0
1060,1,0,5,0
541,2,2,0,1
1195,4,1,3,4
1679,2,2,2,2
749,4,0,5,3
1728,2,2,0,2
485,2,3,3,4
96,0,0,2,0
1021,2,0,6,0
564,1,0,0,0
1265,2,0,2,0
743,2,0,3,0
864,3,1,5,3
1599,0,0,0,0
1485,0,0,3,0
892,0,0,3,0
1578,5,5,0,5
1039,0,0,0,0
207,1,3,3,3
393,2,2,2,2
795,5,1,6,5
767,0,0,6,0
1718,0,0,3,0
1242,3,1,6,4
1029,0,0,2,0
643,1,3,3,3
961,0,0,2,0
726,3,5,2,4
684,1,0,4,0
99,5,1,4,5
1598,1,0,3,4
407,1,0,3,0
503,0,0,5,0
1072,3,1,3,5
1057,0,0,0,0
930,5,3,5,5
1052,1,5,5,5
41,1,3,0,4
1018,6,1,3,3
231,0,6,6,2
1514,0,0,2,0
379,3,5,5,4
289,3,1,2,5
1699,3,5,6,5
593,5,4,3,5
1523,3,1,3,4
1163,0,1,4,0
1087,0,4,5,4
1496,5,0,5,0
648,0,1,6,0
217,5,1,2,1
338,3,3,3,3
296,5,5,5,5
1726,5,5,5,5
1486,6,3,0,3
202,5,1,4,5
1026,5,5,5,5
1431,4,0,6,4
871,4,1,5,3
1764,2,0,6,0
613,4,0,3,2
1571,2,0,5,0
805,4,3,5,3
780,4,1,6,4
201,4,3,2,4
135,2,1,5,3
419,1,0,0,0
392,2,4,5,4
1153,4,0,0,2
1368,1,1,2,4
521,4,4,5,4
65,0,0,4,0
15,1,1,5,0
1181,0,0,2,0
1065,1,3,3,5
493,0,1,2,0
380,1,3,0,3
188,2,0,6,0
764,4,1,0,3
792,0,2,6,0
1077,1,0,6,0
879,0,0,0,0
720,0,0,3,2
1749,0,0,5,0
1017,3,0,4,3
1276,1,0,6,0
1751,3,1,3,3
456,1,1,0,4
1863,2,0,2,0
816,3,1,6,3
270,6,0,3,3
996,3,0,2,4
162,3,1,3,4
1580,1,1,3,4
730,2,0,3,2
402,1,3,4,3
703,1,0,2,0
1501,0,0,0,0
1130,0,0,4,0
566,2,0,6,0
1414,3,3,0,4
1022,3,3,6,4
1412,5,4,3,3
1586,2,0,5,0
1105,3,3,5,3
206,1,1,3,1
35,2,0,6,0
776,1,1,0,3
509,5,4,3,5
1452,0,0,6,0
1479,0,0,0,0
1837,0,0,6,0
1391,5,4,0,3
92,1,0,6,0
1364,0,0,2,0
898,0,0,5,0
565,5,1,5,5
1370,0,0,6,0
777,5,5,5,5
242,5,1,3,5
14,0,1,2,4
316,2,0,2,0
601,3,5,3,3
388,1,0,6,0
1298,0,0,3,0
167,1,0,6,0
841,0,0,0,0
21,2,2,2,2
647,5,3,3,5
1509,3,4,2,4
1155,4,3,0,3
1529,5,1,2,5
832,4,5,2,3
1268,0,0,3,0
1591,0,1,3,0
563,0,0,2,0
1818,0,0,6,0
687,1,0,2,0
958,5,5,3,5
190,4,1,2,4
1807,2,0,2,0
976,1,2,5,0
700,0,0,2,0
1500,1,3,6,4
1706,0,0,2,0
511,0,0,6,0
1083,0,0,6,0
475,1,4,5,4
1585,2,2,4,2
857,2,0,5,0
748,1,0,6,0
253,0,0,0,0
22,0,2,5,2
1338,0,0,5,0
460,5,1,3,5
1185,3,0,6,0
277,0,0,6,0
956,1,1,4,4
1216,2,0,5,0
386,0,0,3,3
806,1,0,2,0
1438,4,1,0,3
1516,0,0,6,0
344,0,0,3,0
770,0,0,0,0
1333,5,5,5,5
1686,5,5,5,5
131,1,1,5,4
1688,5,4,4,5
872,0,0,0,0
1124,0,1,0,0
1397,0,0,3,0
88,5,1,3,5
1483,3,3,2,3
331,3,1,4,3
1239,4,5,3,3
467,1,4,2,5
122,0,0,4,0
1639,6,3,6,4
1045,3,2,5,0
1725,5,1,4,5
1096,4,3,4,3
1131,1,2,5,4
1295,1,0,5,0
861,4,1,3,4
1460,5,5,4,5
1127,4,1,5,4
