,y_val,KNN_pred,QDA_pred,LR_pred,RF_pred,SVC_pred,LDA_pred
1377,0,0,0,0,0,0,0
209,5,2,2,2,2,5,2
1310,0,0,0,4,4,4,0
1461,2,5,2,2,2,5,2
59,2,2,2,2,2,2,2
1694,0,0,0,4,0,4,0
1478,0,0,0,0,0,0,0
364,5,5,2,5,2,5,5
1164,0,4,0,4,4,4,0
594,0,0,0,0,1,0,0
1050,1,1,1,1,1,1,1
1776,6,3,1,6,3,6,1
1139,0,0,0,4,0,4,0
742,2,2,2,2,2,2,2
1359,0,0,0,4,4,4,0
1757,1,1,1,1,1,3,1
119,2,0,0,0,0,0,0
1169,0,0,0,0,4,0,0
675,4,0,0,4,0,4,0
523,5,2,2,5,2,5,2
514,3,1,1,3,3,6,1
82,5,5,2,2,5,5,2
1081,4,0,0,0,0,0,0
893,1,1,1,1,3,1,1
381,1,1,1,1,1,1,1
1581,1,3,1,1,3,1,1
85,0,0,0,4,0,4,0
1711,1,1,1,3,1,3,1
330,2,2,2,2,2,2,2
977,4,0,0,0,0,0,0
1384,2,2,2,2,2,5,2
1038,0,0,0,0,0,0,0
967,0,0,0,4,4,4,0
1844,1,1,1,3,1,3,1
452,0,0,0,0,4,0,0
491,0,0,0,4,0,4,0
1649,2,2,2,2,2,5,2
288,0,0,0,4,0,4,0
803,1,3,1,1,3,3,1
1852,1,1,1,1,3,3,1
1275,4,0,0,0,0,0,0
1171,4,0,0,0,4,0,0
875,3,1,1,1,6,3,1
1362,0,0,0,4,0,4,0
775,2,2,2,2,2,2,2
811,0,0,0,0,1,0,0
1011,2,2,2,2,2,2,2
1546,5,2,2,2,5,2,2
328,1,1,1,1,1,1,1
1611,0,0,0,0,0,0,0
713,0,0,0,0,4,0,0
1000,0,0,0,4,0,4,0
1019,1,3,1,1,3,3,1
1858,1,1,1,1,1,3,1
178,1,1,1,1,1,3,1
906,3,1,1,1,1,1,1
695,0,4,0,4,0,4,0
87,2,5,2,2,5,2,2
1336,1,1,1,6,1,6,1
1771,4,0,0,4,0,4,0
458,0,0,0,4,0,4,0
55,3,1,1,1,3,3,1
1404,2,2,2,2,2,2,2
222,4,0,0,4,0,4,0
114,1,1,1,1,1,3,1
860,4,0,0,0,0,0,0
1541,0,0,0,0,0,0,0
974,5,5,2,2,5,5,2
175,5,5,2,2,2,5,2
846,5,5,2,2,5,5,2
590,0,0,0,4,4,4,0
1865,4,0,0,0,0,0,0
19,1,1,1,1,1,3,1
424,3,1,1,1,1,3,1
1538,4,0,0,4,0,4,0
286,1,1,1,1,3,1,1
1484,4,0,0,0,0,0,0
429,5,5,2,5,5,5,5
1782,2,5,2,5,5,5,5
1240,4,0,0,0,0,0,0
32,1,1,1,1,1,1,1
825,4,0,0,4,0,4,0
1574,1,1,1,1,1,1,1
215,5,2,2,5,5,5,5
1254,5,5,1,5,5,5,5
327,1,1,1,5,1,5,5
561,4,0,0,4,4,4,0
1041,5,5,2,2,5,2,2
1492,0,0,0,0,0,0,0
1114,0,0,0,0,0,0,0
342,2,2,2,2,5,2,2
630,3,1,1,6,1,6,1
148,1,1,1,1,1,3,1
361,0,4,0,0,4,0,0
84,1,1,1,6,1,6,1
49,1,1,1,6,3,6,1
469,0,4,0,4,0,4,0
156,2,5,2,5,5,5,5
1331,2,5,2,2,2,2,2
1503,2,2,2,2,5,2,2
1126,4,0,0,0,4,0,0
1526,3,1,1,6,1,6,1
501,1,1,1,6,1,6,1
180,3,1,1,1,1,3,1
1218,2,2,2,2,5,2,2
901,0,4,0,4,4,4,0
693,3,1,1,6,1,6,1
773,0,0,0,0,0,0,0
1517,5,2,2,2,2,5,2
529,1,3,1,1,1,3,1
347,5,2,2,2,5,2,2
1293,3,3,1,3,3,3,1
1827,6,1,1,6,1,6,1
716,5,5,2,2,2,2,2
1053,1,1,1,1,3,1,1
887,4,0,0,0,0,0,0
950,0,0,0,4,0,4,0
1671,4,4,0,4,4,4,0
1424,0,0,0,4,0,4,0
313,0,0,0,4,0,4,0
436,1,1,1,1,1,1,1
661,0,0,0,0,0,0,0
1084,0,4,0,4,4,4,0
1117,0,0,0,0,4,0,0
297,3,1,1,1,1,3,1
1215,0,0,0,0,4,0,0
1520,0,0,0,0,4,0,0
768,3,3,1,3,1,3,1
210,0,0,0,0,0,0,0
1560,3,1,1,3,1,6,1
1475,3,3,1,1,3,1,1
602,5,5,1,5,5,5,5
244,2,2,2,2,2,2,2
786,2,5,2,2,2,2,2
1770,5,5,2,5,5,5,2
820,4,0,0,4,4,4,0
309,2,5,2,5,5,5,5
431,1,1,1,1,1,3,1
371,4,0,0,0,0,0,0
567,2,5,2,2,5,5,2
1829,2,2,2,2,2,2,2
182,1,1,1,1,3,3,1
622,1,3,1,1,3,3,1
723,5,5,2,5,2,5,2
835,5,5,2,5,5,5,2
1717,1,1,1,1,1,1,1
1862,4,0,0,0,0,0,0
462,2,2,2,2,2,2,2
1103,2,2,2,2,2,2,2
378,1,3,1,1,3,3,1
106,1,1,1,3,1,3,1
127,2,2,2,2,2,2,2
1059,4,0,0,0,0,0,0
966,1,1,1,5,1,1,5
356,4,0,0,0,4,0,0
1729,1,3,1,3,3,6,1
683,1,5,1,5,1,5,5
1101,5,2,2,2,5,2,2
1722,5,5,1,5,5,5,5
141,1,3,1,3,1,6,1
1341,1,3,1,1,3,3,1
1162,0,0,0,4,0,4,0
1290,0,0,0,0,0,0,0
1579,0,0,0,0,0,0,0
712,0,0,0,0,0,0,0
1183,4,0,0,4,0,4,0
1859,2,2,2,2,2,2,2
756,3,1,1,1,1,1,1
11,2,5,2,2,5,2,2
1587,0,0,0,0,0,0,0
1667,0,0,0,0,4,0,0
283,5,5,2,5,5,5,5
292,1,1,1,1,1,3,1
627,0,0,0,4,0,4,0
1437,5,5,1,5,5,5,5
758,4,0,0,4,4,4,0
130,5,2,2,2,2,2,2
1106,3,3,1,1,3,3,1
324,5,2,2,2,2,2,2
1014,1,1,1,1,1,3,1
744,4,0,0,0,0,0,0
844,3,1,1,6,3,6,1
1740,3,3,1,3,3,3,1
1327,5,5,2,5,5,5,2
1325,4,0,0,4,0,4,0
696,6,1,1,6,1,6,1
985,4,0,0,0,0,0,0
938,1,1,1,1,1,3,1
159,0,4,0,4,0,4,0
866,1,1,1,1,1,3,1
635,5,2,2,2,2,2,2
517,3,1,1,6,6,6,1
1332,3,1,1,1,1,1,1
598,2,5,2,5,5,5,5
196,0,0,0,4,0,4,0
1539,6,1,1,3,1,6,1
766,5,5,2,5,2,5,5
411,1,1,1,1,1,3,1
97,4,0,0,0,0,0,0
1531,3,1,1,1,1,1,1
1007,0,0,0,0,4,0,0
157,4,0,0,4,0,4,0
420,2,2,2,2,2,2,2
1513,4,0,0,4,0,4,0
478,0,0,0,0,4,0,0
916,3,3,1,3,3,3,1
669,2,2,2,2,2,5,2
1464,0,0,0,0,0,0,0
964,1,3,1,1,3,3,1
1212,4,4,0,4,4,4,0
448,5,0,0,0,0,0,0
1147,0,0,0,0,0,0,0
179,1,1,1,6,1,6,1
391,4,4,0,0,0,0,0
579,1,1,1,1,1,1,1
1395,0,0,0,0,4,0,0
1693,1,1,1,3,1,3,1
1540,1,3,1,1,3,3,1
1321,4,0,0,4,0,4,0
910,1,1,1,6,1,6,1
862,5,5,2,2,2,5,2
949,0,0,0,0,0,0,0
665,1,1,1,1,1,3,1
143,0,0,0,4,4,4,0
1419,0,0,0,0,0,0,0
1845,4,0,0,0,0,0,0
422,1,1,1,1,1,1,1
637,0,0,0,0,0,0,0
1311,1,3,1,3,3,6,1
1466,2,5,2,2,5,5,2
295,2,2,2,2,5,2,2
1774,0,0,0,0,0,0,0
89,2,2,2,5,2,5,5
42,2,2,2,2,5,2,2
1802,3,1,1,6,1,6,1
132,1,3,1,1,3,1,1
1582,1,1,1,6,1,6,1
986,0,0,0,4,0,4,0
1730,0,0,0,0,0,0,0
165,0,0,0,0,0,0,0
1853,3,1,1,1,1,1,1
779,3,3,1,1,3,3,1
349,0,0,0,4,0,4,0
1421,0,4,0,4,0,4,0
1661,3,3,1,3,3,3,1
1491,3,1,1,1,1,3,1
899,0,0,0,0,0,0,0
817,0,0,0,0,4,0,0
1732,0,0,0,0,4,0,0
1054,0,0,0,0,0,0,0
329,0,0,0,4,4,4,0
927,3,1,1,1,1,1,1
1621,0,0,0,4,0,4,0
650,0,0,0,0,0,0,0
259,0,4,0,4,4,4,0
139,0,0,0,0,0,0,0
1209,0,0,0,0,0,0,0
140,0,0,0,0,0,0,0
787,0,0,0,0,0,0,0
1609,0,4,0,4,4,4,0
1028,0,0,0,0,4,0,0
1179,0,0,0,0,0,0,0
1346,6,1,1,1,3,3,1
616,5,2,2,2,2,5,2
1493,4,0,0,4,4,0,0
1683,2,5,2,2,5,5,2
998,4,0,0,4,0,4,0
1655,1,1,1,1,1,3,1
725,5,5,2,2,5,5,2
291,4,0,0,0,4,0,0
1768,1,1,1,6,1,6,1
894,1,1,1,1,1,1,1
572,4,0,0,0,0,0,0
1759,1,1,1,1,3,1,1
1227,1,1,1,1,1,3,1
459,4,0,0,4,0,4,0
376,1,1,1,5,1,1,1
334,1,0,0,0,0,0,0
1738,1,1,1,1,1,1,1
1666,5,2,2,2,2,2,2
1361,2,2,2,2,2,2,2
1262,4,0,0,0,0,0,0
882,4,0,0,4,0,4,0
1079,5,5,2,2,5,5,2
1798,2,2,2,2,2,5,2
319,3,1,1,3,1,3,1
1432,1,1,1,1,1,3,1
1266,1,1,1,1,1,3,1
168,2,2,2,2,2,5,2
13,2,2,2,2,2,2,2
172,4,0,0,0,0,0,0
261,5,5,2,5,5,5,2
1537,6,1,1,6,1,6,1
1314,1,1,1,3,3,6,1
673,3,0,0,4,0,4,0
845,2,2,2,2,2,2,2
1119,2,2,2,2,2,2,2
1715,1,1,1,1,3,3,1
550,4,0,0,4,4,4,0
1727,2,5,2,2,5,5,2
1429,1,1,1,3,1,6,1
1104,1,1,1,1,1,1,1
559,3,1,1,1,1,3,1
1623,3,1,1,1,1,1,1
532,2,2,2,2,2,2,2
225,1,1,1,1,1,1,1
724,4,0,0,0,0,0,0
965,1,1,1,1,1,1,1
410,2,5,2,2,2,2,2
326,5,5,2,5,2,5,5
300,1,1,1,1,1,1,1
1068,5,2,2,2,2,2,2
1408,0,0,0,0,0,0,0
1734,0,0,0,0,0,0,0
715,0,0,0,4,0,4,0
1250,1,1,1,5,1,1,5
194,0,0,0,4,0,4,0
441,1,1,1,1,1,3,1
574,0,0,0,4,4,0,0
504,5,2,2,2,5,2,2
606,1,3,1,1,3,3,1
1288,0,0,0,0,0,0,0
1091,0,4,0,4,4,4,0
1669,2,2,2,2,2,2,2
847,5,5,2,2,5,5,2
4,0,0,0,4,0,4,0
1145,0,4,0,4,0,4,0
468,5,5,2,2,5,2,2
322,2,5,2,2,2,2,2
6,0,0,0,0,1,0,0
223,1,1,1,1,1,3,1
548,5,2,2,2,5,2,2
229,5,2,2,2,2,5,2
40,0,0,0,4,4,0,0
543,0,0,0,0,0,0,0
243,5,5,2,5,2,5,2
1790,2,2,2,2,2,5,2
137,1,1,1,1,3,3,1
1425,5,5,2,5,2,5,5
1640,0,0,0,0,0,0,0
1473,1,1,1,6,3,6,1
907,5,5,2,5,5,5,5
830,2,2,2,2,2,5,2
446,2,2,2,2,2,2,2
843,0,4,0,4,4,4,0
1762,1,1,1,1,1,1,1
1197,0,0,0,4,4,4,0
1704,1,1,1,1,1,1,1
1648,0,0,0,0,0,0,0
1836,4,0,0,0,0,0,0
662,1,1,1,1,1,3,1
437,0,4,0,0,0,0,0
1731,0,0,0,4,4,4,0
1379,0,0,0,0,0,0,0
1133,4,4,0,4,4,4,0
315,4,0,0,4,0,0,0
443,0,0,0,0,0,0,0
1489,0,4,0,4,4,4,0
320,0,0,0,0,4,0,0
282,0,0,0,0,0,0,0
1769,2,2,2,2,2,2,2
1406,1,1,1,3,1,6,1
425,2,5,2,5,5,5,2
554,4,0,0,4,0,4,0
595,4,4,0,0,5,0,0
1830,3,1,1,3,6,3,1
975,0,0,0,4,0,4,0
1512,3,1,1,6,1,6,1
939,0,0,0,0,0,0,0
1510,0,0,0,4,4,4,0
1447,4,0,0,0,0,0,0
1855,3,6,0,6,6,6,1
580,4,0,0,4,0,4,0
212,3,3,1,3,3,3,1
145,0,0,0,0,0,0,0
537,3,1,1,1,1,3,1
1048,0,0,0,4,0,4,0
273,0,0,0,0,0,0,0
1108,0,0,0,0,4,0,0
1846,0,0,0,4,0,0,0
631,0,0,0,0,0,0,0
1608,0,0,0,0,0,0,0
506,0,0,0,4,4,0,0
1080,0,0,0,0,0,0,0
3,3,1,1,1,1,3,1
1263,0,0,0,0,0,0,0
1085,0,0,0,0,0,0,0
666,0,0,0,4,0,4,0
365,0,4,0,0,4,0,0
216,3,3,1,3,3,3,1
48,3,1,1,1,1,3,1
56,3,1,1,1,1,3,1
73,3,3,1,1,3,3,1
1403,6,3,1,6,3,6,1
1323,5,2,2,2,2,2,2
582,5,2,2,2,5,5,2
377,5,2,2,2,2,2,2
1115,6,1,1,6,1,6,1
369,1,1,1,6,1,6,1
1297,1,1,1,1,1,3,1
1097,2,5,2,2,5,2,2
228,1,1,1,1,3,3,1
1027,2,5,2,5,5,5,5
67,1,1,1,1,1,3,1
394,5,2,2,2,2,5,2
25,1,1,1,3,1,6,1
1841,5,2,2,2,5,2,2
812,4,4,0,4,4,4,0
989,1,1,1,6,3,6,1
86,2,5,1,5,5,5,5
1684,5,2,2,2,5,2,2
953,5,2,2,2,2,2,2
1202,2,2,2,2,5,2,2
988,2,2,2,2,5,2,2
1745,4,0,0,4,4,4,0
1304,2,2,2,2,2,2,2
1279,2,2,2,2,2,2,2
1719,4,0,0,0,4,0,0
274,1,1,1,1,1,1,1
508,5,5,2,2,5,2,2
1343,1,1,1,1,1,1,1
363,5,5,2,5,2,5,2
1809,4,0,0,4,0,4,0
623,1,1,1,1,1,3,1
7,1,1,1,1,3,3,1
1469,5,2,2,2,2,2,2
312,1,3,1,1,3,3,1
1839,1,1,1,3,6,6,1
1285,4,0,0,0,0,0,0
983,0,4,0,0,0,0,0
28,0,0,0,0,4,0,0
1340,2,0,0,0,4,0,0
526,0,0,0,0,4,0,0
1712,2,2,2,2,2,2,2
1010,1,1,1,1,3,3,1
639,1,1,1,3,1,3,1
303,1,4,0,0,0,0,0
719,1,3,1,1,3,3,1
692,1,1,1,1,3,3,1
1467,1,1,1,6,6,6,1
1269,2,5,2,2,5,2,2
625,1,1,1,1,1,1,1
8,4,4,0,4,0,4,0
257,1,1,1,1,3,3,1
804,0,0,0,0,0,0,0
26,0,4,0,4,4,4,0
337,1,3,1,1,3,1,1
573,1,1,1,6,6,6,1
1382,5,5,2,5,2,5,2
107,1,1,1,1,1,3,1
350,1,3,1,1,3,1,1
239,0,0,0,4,0,4,0
214,0,0,0,0,4,0,0
121,0,0,0,0,0,0,0
1665,0,0,0,4,0,4,0
1238,0,4,0,0,4,0,0
794,4,0,0,0,0,0,0
923,3,1,1,1,1,3,1
813,5,5,1,5,5,5,5
1612,4,0,0,4,1,0,0
78,0,0,0,4,0,4,0
945,1,4,0,0,4,0,0
1051,1,1,1,1,1,3,1
46,3,1,1,6,3,6,1
1566,3,1,1,3,1,3,1
524,4,4,0,0,4,0,0
233,0,0,0,0,0,0,0
645,0,0,0,4,0,4,0
1449,3,3,1,6,6,6,1
534,5,2,2,2,2,2,2
604,2,2,2,5,5,5,2
1132,3,3,1,1,1,3,1
1490,0,0,0,0,0,0,0
61,0,0,0,0,0,0,0
1180,3,1,1,1,1,3,1
93,0,0,0,4,0,4,0
667,5,2,2,2,5,2,2
281,4,0,0,0,1,0,0
1042,2,2,2,2,2,2,2
360,2,0,0,0,0,0,0
1842,5,2,2,2,5,2,2
1861,2,2,2,2,2,2,2
848,3,1,1,1,1,3,1
111,3,1,1,1,3,3,1
43,0,0,0,0,0,0,0
126,4,0,0,4,0,0,0
53,2,2,2,2,2,2,2
1448,0,0,0,0,0,0,0
184,4,0,0,4,0,4,0
138,4,0,0,0,0,0,0
133,4,0,0,0,0,0,0
81,0,0,0,4,0,0,0
1442,3,3,1,1,3,3,1
542,4,0,0,0,0,0,0
1494,0,0,0,4,0,4,0
984,4,0,0,0,0,0,0
166,0,0,0,4,4,4,0
249,0,0,0,0,4,0,0
447,0,0,0,0,0,0,0
1076,0,0,0,4,4,4,0
859,4,4,0,0,4,0,0
98,0,0,0,0,0,0,0
1840,2,2,2,2,2,2,2
1177,0,0,0,4,0,4,0
919,3,1,1,3,6,6,1
1603,2,2,2,5,2,5,2
1565,3,0,0,0,4,0,0
763,3,3,1,3,1,3,1
990,0,0,0,0,0,0,0
389,3,0,0,0,2,0,0
1656,0,0,0,0,0,0,0
268,3,1,1,6,6,6,1
674,0,0,0,0,0,0,0
250,0,0,0,0,0,0,0
34,0,0,0,0,4,0,0
449,6,1,1,6,1,6,1
717,0,0,0,0,4,0,0
1420,0,0,0,0,0,0,0
1047,0,4,0,0,4,0,0
771,0,0,0,0,0,0,0
1217,0,0,0,4,4,4,0
1324,0,0,0,4,0,0,0
1824,0,0,0,0,0,0,0
1232,0,0,0,0,0,0,0
1628,1,1,1,1,1,1,1
1284,5,2,2,2,2,2,2
205,1,1,1,3,1,6,1
546,1,1,1,1,1,1,1
69,5,2,2,2,5,2,2
1064,5,5,2,5,5,5,5
900,1,1,1,3,1,6,1
797,1,1,1,6,1,6,1
1134,4,4,0,4,4,4,0
738,1,3,1,6,3,6,1
103,4,0,0,0,0,0,0
435,1,1,1,1,3,3,1
75,4,4,0,4,4,4,0
1674,1,1,1,6,1,6,1
1125,1,1,1,6,3,6,1
1518,1,1,1,1,3,1,1
236,4,0,0,4,0,4,0
1112,3,3,1,1,3,3,1
118,1,1,1,6,3,6,1
1504,3,1,1,1,1,3,1
1356,5,5,2,2,5,5,2
95,3,1,1,6,1,6,1
1367,1,3,1,1,1,3,1
1563,4,0,0,4,0,0,0
1746,3,3,1,1,3,3,1
1,1,1,1,1,1,1,1
1282,1,1,1,1,1,1,1
1102,1,0,0,0,0,0,0
83,5,5,2,2,5,5,2
1203,4,0,0,4,0,4,0
677,5,5,2,5,5,5,5
1663,2,5,2,5,5,5,5
1138,1,1,1,6,1,6,1
1487,5,5,2,5,5,5,5
1481,3,3,1,3,3,3,1
1792,5,5,2,5,2,5,5
405,1,1,1,6,1,6,1
1616,3,1,1,3,1,3,1
1211,3,3,1,3,3,6,1
105,5,5,2,5,5,5,5
689,3,3,1,1,1,1,1
827,3,3,1,6,3,6,1
63,5,5,1,5,2,5,5
853,5,2,2,2,2,2,2
1413,2,2,2,2,5,5,2
224,5,5,2,2,2,5,2
146,5,5,2,2,5,5,2
1089,4,0,0,0,0,0,0
374,4,0,0,0,0,0,0
1482,3,3,1,3,3,3,1
1499,5,5,2,5,2,5,5
10,4,4,0,0,4,0,0
450,1,0,0,0,4,0,0
709,1,1,1,1,1,1,1
256,2,2,2,2,2,2,2
883,0,4,0,4,4,4,0
390,4,0,0,4,0,4,0
909,0,4,0,4,4,0,0
925,0,0,0,4,4,4,0
1596,2,5,2,2,5,2,2
1741,0,0,0,0,0,0,0
461,0,0,0,0,0,0,0
1186,0,0,0,0,0,0,0
959,0,0,0,0,0,0,0
502,5,5,2,5,5,5,5
740,2,5,2,5,5,5,5
1760,0,0,0,0,0,0,0
869,0,0,0,0,0,0,0
732,0,0,0,4,1,0,0
540,0,0,0,4,0,4,0
698,0,0,0,0,4,0,0
1804,4,0,0,0,4,0,0
1650,0,0,0,0,0,0,0
1146,4,0,0,0,0,0,0
1032,3,3,1,1,1,1,1
373,0,4,0,0,2,0,0
668,2,2,2,2,2,2,2
1428,0,0,0,4,0,0,0
358,3,1,1,1,1,3,1
968,0,4,0,0,0,0,0
784,0,0,0,0,0,0,0
736,4,0,0,0,4,0,0
971,2,2,2,2,5,2,2
1615,3,1,1,1,1,3,1
1506,1,1,1,1,1,3,1
1426,4,0,0,4,0,4,0
1393,0,0,0,0,0,0,0
1783,3,1,1,3,1,6,1
1607,0,0,0,4,0,4,0
80,2,5,2,5,5,5,5
1173,1,5,1,5,1,5,5
815,2,2,2,2,5,2,2
1542,0,4,0,4,4,4,0
58,0,4,0,4,5,4,0
134,4,0,0,0,0,0,0
1141,0,0,0,0,4,0,0
1577,4,0,0,4,0,4,0
505,1,1,1,1,1,1,1
348,0,4,0,0,4,0,0
387,0,0,0,0,0,0,0
1025,2,2,2,2,2,5,2
829,4,0,0,0,0,0,0
1394,0,0,0,0,0,0,0
1302,0,0,0,0,0,0,0
173,0,0,0,0,0,0,0
1150,1,1,1,6,3,6,1
39,2,2,2,2,5,5,2
714,0,0,0,4,0,4,0
91,2,5,2,5,2,5,5
1805,0,0,0,0,0,0,0
1259,1,3,1,1,3,3,1
1270,1,3,1,1,3,3,1
1825,0,0,0,0,4,0,0
500,0,0,0,0,0,0,0
1189,1,3,1,3,3,3,1
946,0,0,0,4,0,4,0
170,0,0,0,0,0,0,0
1352,2,2,2,2,2,2,2
1033,2,5,2,5,5,5,5
588,0,0,0,0,0,0,0
751,0,0,0,4,0,4,0
658,0,0,0,0,0,0,0
1528,0,0,0,0,4,0,0
1157,0,0,0,4,0,0,0
1210,2,5,2,2,5,2,2
1066,0,0,0,4,3,4,0
109,6,1,0,6,6,6,0
1049,2,0,0,4,4,4,0
1567,2,2,2,2,2,2,2
1752,6,1,1,6,1,6,1
192,6,1,0,6,3,6,1
1036,5,5,2,5,5,5,2
886,3,3,1,3,1,3,1
672,3,3,1,1,1,3,1
1434,3,1,1,6,1,6,1
934,3,3,1,3,3,3,1
824,5,5,2,5,2,5,2
1658,5,2,2,2,2,2,2
895,3,1,1,6,1,6,1
1765,4,0,0,4,0,4,0
476,5,2,2,2,5,2,2
653,5,2,2,2,5,2,2
876,3,3,1,1,1,3,1
1094,4,4,0,4,4,4,0
1156,5,5,2,5,2,5,5
339,5,5,2,5,5,5,2
29,1,1,1,1,3,1,1
1234,1,1,1,1,1,3,1
1700,5,5,1,5,2,5,5
1198,4,4,0,4,4,4,0
913,5,5,2,2,2,2,2
492,4,0,0,4,0,4,0
954,1,1,1,6,1,6,1
1098,1,1,1,1,1,1,1
235,1,1,1,6,1,6,1
733,3,1,1,3,1,3,1
1477,1,1,1,6,3,6,1
1524,3,1,1,3,1,6,1
935,1,6,1,6,6,6,1
1443,1,1,1,3,3,6,1
569,0,0,0,0,4,0,0
1168,4,4,0,0,4,0,0
1175,0,0,0,0,0,0,0
891,1,1,1,3,1,6,1
948,1,0,0,0,0,0,0
1260,1,1,1,6,1,6,1
1335,4,0,0,0,0,0,0
1619,0,0,0,0,0,0,0
885,0,0,0,0,0,0,0
851,0,4,0,0,1,0,0
735,4,0,0,4,4,4,0
718,0,0,0,0,0,0,0
455,4,0,0,0,0,0,0
265,5,2,2,2,2,5,2
76,1,1,1,6,1,6,1
1553,5,4,0,4,0,4,0
445,0,0,0,0,0,0,0
396,0,0,0,0,0,0,0
177,2,2,2,2,2,2,2
1043,1,1,1,6,1,6,1
1624,4,4,0,4,0,4,0
1306,2,5,2,2,2,2,2
1286,5,2,2,2,2,2,2
596,2,5,2,2,5,2,2
62,4,0,0,4,4,4,0
873,1,1,1,3,1,6,1
1392,0,4,0,4,4,4,0
279,4,0,0,0,0,0,0
37,1,1,1,1,3,1,1
1418,0,0,0,0,0,0,0
663,5,2,2,2,5,2,2
1687,4,0,0,0,4,0,0
1348,2,2,2,2,5,2,2
978,0,0,0,4,4,0,0
1472,2,2,2,2,2,2,2
739,2,2,2,2,2,2,2
920,4,0,0,4,0,4,0
457,0,0,0,0,0,0,0
676,1,1,1,1,3,1,1
761,0,4,0,0,0,0,0
1848,1,1,1,1,1,1,1
729,1,3,1,6,3,6,1
413,1,1,1,1,1,3,1
1099,0,0,0,0,4,0,0
826,2,2,2,2,2,2,2
1511,0,0,0,0,0,0,0
617,2,2,2,2,2,5,2
115,5,5,2,5,5,5,5
418,0,0,0,4,0,4,0
1780,0,0,0,0,0,0,0
970,3,1,1,6,1,6,1
605,2,2,2,2,2,2,2
1787,2,2,2,5,2,5,5
90,5,5,2,5,5,5,2
849,4,0,0,0,0,0,0
1422,2,2,2,2,2,5,2
1786,1,1,1,1,1,3,1
754,3,1,1,6,6,6,1
499,3,1,1,6,1,6,1
1277,1,1,1,5,1,1,5
12,2,2,2,2,2,5,2
397,0,0,0,0,0,0,0
285,0,4,0,4,0,4,0
1067,1,3,1,1,1,3,1
1192,0,0,0,4,0,4,0
1631,0,0,0,4,4,4,0
691,2,2,2,2,2,2,2
1758,0,0,0,0,4,0,0
690,2,2,2,2,2,2,2
852,0,0,0,0,0,0,0
160,0,0,0,4,4,4,0
896,2,2,2,2,2,5,2
1476,1,1,1,3,1,6,1
258,0,0,0,0,0,0,0
336,0,0,0,4,0,4,0
1753,0,4,0,0,4,0,0
1040,1,3,1,1,3,3,1
516,4,0,0,4,4,4,0
1016,4,0,0,4,4,4,0
1633,0,0,0,0,5,0,0
1204,3,1,1,3,3,6,1
1371,4,0,0,0,2,0,0
522,0,0,0,4,4,4,0
23,0,0,0,4,0,4,0
357,1,1,1,6,1,6,1
1278,0,0,0,0,0,0,0
1313,2,2,2,2,2,5,2
1576,1,1,1,3,1,6,1
341,2,2,2,2,2,2,2
432,6,1,1,6,1,6,1
1228,0,4,0,4,0,4,0
1495,0,0,0,4,0,4,0
1012,0,0,0,0,0,0,0
94,0,0,0,0,0,0,0
1071,0,0,0,4,4,4,0
1093,0,0,0,0,0,0,0
1309,0,0,0,0,0,0,0
697,3,1,1,1,1,3,1
154,0,0,0,0,0,0,0
1213,3,1,1,3,1,6,1
921,6,1,1,1,3,3,1
1128,6,0,0,0,0,0,0
1527,5,5,1,5,5,5,5
769,5,2,2,2,2,5,2
762,5,5,2,5,5,5,2
1247,5,2,2,2,2,5,2
1850,4,4,0,4,4,4,0
474,2,5,2,5,5,2,2
218,1,3,1,3,6,2,1
912,4,4,0,0,0,3,0
1816,4,0,0,4,4,6,0
1009,4,0,0,4,0,4,0
1708,1,1,1,1,1,4,1
1675,1,1,1,5,1,3,1
997,1,1,1,1,1,2,1
1100,0,0,0,0,0,0,0
1610,4,0,0,4,0,3,0
1864,1,1,1,1,1,4,1
790,0,0,0,0,0,6,0
581,5,5,2,2,2,5,2
704,4,4,0,4,4,4,0
1296,0,0,0,0,0,0,0
1561,5,5,1,5,5,5,5
1261,4,0,0,4,0,6,0
488,0,0,0,0,0,0,0
560,1,1,1,1,3,5,1
1142,0,0,0,0,0,0,0
1120,0,0,0,0,0,0,0
802,0,0,0,0,0,0,0
513,2,5,2,2,5,0,2
634,0,0,0,0,4,1,0
1381,5,2,2,2,2,5,2
1670,2,2,2,2,2,2,2
1151,1,1,1,1,1,4,1
791,5,5,2,5,5,5,2
117,4,0,0,0,0,5,0
741,2,5,2,2,5,0,2
1583,1,0,0,0,4,0,0
1082,0,0,0,0,0,0,0
831,0,0,0,4,4,6,0
120,2,5,2,2,2,2,2
657,2,2,2,2,2,2,2
1777,0,0,0,0,0,6,0
636,2,2,2,2,2,0,2
370,0,0,0,0,0,6,0
269,2,5,2,2,2,2,2
656,1,0,0,4,4,0,0
936,1,1,1,1,1,5,1
823,4,0,0,0,0,4,0
867,4,0,0,0,0,4,0
47,0,4,0,4,4,6,0
1374,0,0,0,0,0,0,0
1600,1,1,1,3,1,3,1
992,3,1,1,1,1,4,1
877,5,5,2,5,2,5,5
774,0,0,0,0,0,0,0
1220,2,2,2,2,2,2,2
1866,0,0,0,0,0,3,0
5,1,1,1,6,1,2,1
1004,2,2,2,2,2,0,2
1613,4,0,0,0,0,3,0
264,0,0,0,0,2,0,0
1470,2,5,2,2,5,0,2
1709,1,1,1,1,1,4,1
444,1,1,1,1,3,6,1
1003,0,4,0,4,4,0,0
1078,0,4,0,4,4,0,0
838,0,0,0,0,0,0,0
1673,1,1,1,3,3,4,1
305,1,1,1,1,1,6,1
1366,1,1,1,6,1,0,1
1458,1,1,1,1,1,4,1
314,0,4,0,4,0,0,0
150,4,4,0,4,0,4,0
1149,2,2,2,2,2,2,2
1214,0,0,0,4,0,6,0
575,4,0,0,4,0,4,0
51,1,1,1,1,1,3,1
1453,1,1,1,1,3,6,1
727,0,0,0,4,0,6,0
834,3,1,1,1,3,4,1
1378,4,0,0,4,0,4,0
1116,3,1,1,1,6,3,1
1167,2,5,2,2,5,0,2
471,1,0,0,4,0,6,0
972,4,0,0,0,0,4,0
654,3,3,1,3,3,4,1
400,1,1,1,1,1,4,1
512,3,3,1,1,3,3,1
321,3,1,1,1,1,3,1
20,0,0,0,0,0,0,0
685,2,5,2,2,2,2,2
36,2,5,2,5,5,2,2
903,1,1,1,6,1,2,1
828,4,0,0,0,0,3,0
1678,3,3,1,3,3,4,1
408,0,4,0,4,4,0,0
538,0,0,0,0,0,0,0
759,0,0,0,0,0,0,0
1063,1,1,1,1,1,6,1
1200,1,1,1,1,3,6,1
246,0,0,0,4,4,0,0
1417,0,0,0,4,0,0,0
785,3,1,1,1,1,4,1
490,1,1,1,1,6,0,1
155,0,0,0,0,4,0,0
962,5,5,2,2,5,5,2
854,3,3,1,3,1,4,1
1312,1,1,1,1,1,3,1
686,3,1,1,6,1,6,1
570,5,2,2,2,2,5,2
1778,0,0,0,4,0,0,0
18,5,5,2,2,5,5,2
128,5,2,2,2,5,5,2
1347,2,2,2,2,5,2,2
1280,0,0,0,4,0,6,0
981,0,0,0,0,0,6,0
1831,0,0,0,0,0,6,0
191,0,0,0,0,0,0,0
1140,0,4,0,4,4,6,0
1552,0,4,0,4,0,0,0
607,0,0,0,0,0,0,0
1588,3,1,1,1,3,6,1
17,3,1,1,1,1,4,1
1073,5,5,2,5,2,5,5
547,5,2,2,2,2,5,2
1755,5,5,2,5,2,5,5
798,3,1,1,3,1,3,1
1389,3,1,1,1,1,3,1
1761,6,3,0,6,6,0,1
641,6,1,1,6,1,6,1
955,6,1,1,6,3,2,1
1629,4,0,0,4,0,4,0
626,1,1,1,3,6,6,1
1462,1,1,1,1,1,1,1
1835,4,0,0,0,1,0,0
928,4,0,0,0,0,0,0
993,2,5,2,2,2,5,2
1822,4,4,0,4,4,4,0
181,0,0,0,0,0,0,0
302,1,1,1,6,6,6,1
497,2,2,2,2,5,2,2
1601,0,0,0,0,0,0,0
1557,1,1,1,1,1,1,1
1630,0,0,0,4,4,4,0
518,4,0,0,4,4,4,0
1851,1,1,1,3,6,6,1
1070,4,0,0,0,4,0,0
477,1,1,1,1,3,1,1
158,1,3,1,3,1,6,1
1244,1,3,1,6,6,6,1
1196,0,0,0,0,4,0,0
1838,4,0,0,4,0,4,0
659,0,0,0,4,0,4,0
1522,0,0,0,4,0,4,0
1020,4,0,0,4,0,4,0
1558,0,0,0,4,0,4,0
960,1,3,1,6,3,6,1
284,2,2,2,2,2,5,2
1736,2,5,2,2,2,2,2
226,0,0,0,0,0,0,0
27,4,0,0,0,0,0,0
1654,1,1,1,6,1,6,1
438,2,2,2,2,2,2,2
1815,0,4,0,0,0,0,0
230,0,4,0,4,0,4,0
38,5,5,2,2,5,5,2
750,0,0,0,0,0,0,0
1046,3,1,1,1,1,3,1
1399,1,3,1,3,3,3,1
470,0,0,0,4,0,4,0
1828,0,0,0,0,4,0,0
1834,0,0,0,0,0,0,0
688,4,4,0,4,0,4,0
1720,1,1,1,6,3,6,1
640,2,2,2,2,2,2,2
1604,5,0,0,0,4,0,0
1219,1,1,1,3,1,6,1
1159,1,3,1,1,3,3,1
1416,3,1,1,1,1,1,1
1551,2,5,2,5,5,5,2
1301,0,0,0,0,0,0,0
1702,1,1,1,6,1,6,1
801,0,4,0,0,4,0,0
161,2,2,2,2,5,5,2
957,4,0,0,4,4,4,0
1187,3,3,1,6,3,6,1
822,4,0,0,4,0,4,0
1575,1,3,1,6,3,6,1
878,4,0,0,0,0,0,0
914,3,1,1,1,1,1,1
153,0,0,0,0,0,0,0
1714,2,2,2,5,2,5,2
1660,3,3,1,1,3,3,1
510,4,0,0,0,4,0,0
1136,3,1,1,1,1,3,1
1251,1,1,1,3,1,6,1
1559,4,0,0,0,1,0,0
104,0,0,0,0,4,0,0
1446,1,3,1,1,3,1,1
1444,3,1,1,3,1,6,1
587,5,5,2,5,5,5,2
1652,2,2,2,2,2,2,2
1144,5,2,2,2,2,2,2
54,0,0,0,0,0,0,0
152,5,2,2,2,5,2,2
404,5,5,2,5,2,5,5
1810,0,0,0,0,0,0,0
208,2,2,2,2,2,2,2
1767,3,1,1,1,1,3,1
1123,1,3,1,1,1,1,1
1636,4,0,0,0,0,0,0
9,2,2,2,2,2,2,2
1015,5,2,2,2,2,5,2
1677,5,2,2,2,5,2,2
1061,1,3,1,1,3,3,1
453,0,4,0,4,4,4,0
1328,0,0,0,0,0,0,0
897,0,4,0,4,4,4,0
881,3,1,1,3,1,6,1
624,5,2,2,2,2,2,2
1595,5,5,2,2,2,5,2
1322,2,5,2,2,5,5,2
1439,1,1,1,3,1,3,1
151,1,1,1,1,1,1,1
473,1,3,1,3,3,6,1
1849,5,2,2,2,2,5,2
1756,0,4,0,4,4,4,0
489,1,3,1,3,1,3,1
1692,5,2,2,2,2,5,2
1172,0,0,0,4,3,4,0
147,0,0,0,0,4,0,0
1797,2,2,2,2,2,2,2
403,3,1,1,1,1,1,1
1763,0,0,0,0,4,0,0
660,1,3,1,3,3,3,1
1373,0,0,0,4,0,4,0
464,1,1,1,6,3,6,1
1350,2,2,2,2,2,2,2
187,0,0,0,0,0,0,0
1148,2,2,2,2,2,2,2
1225,3,1,1,1,1,1,1
609,1,1,1,1,1,1,1
752,0,0,0,0,0,0,0
1535,5,5,2,2,5,5,2
280,0,4,0,4,0,4,0
1703,0,0,0,0,0,0,0
203,0,0,0,0,0,0,0
247,0,0,0,0,4,0,0
1427,6,3,1,3,3,3,1
1643,5,0,0,0,0,0,0
642,3,3,1,6,6,6,1
2,0,0,0,4,4,4,0
113,6,1,1,3,1,6,1
699,0,0,0,0,4,0,0
1784,0,0,0,0,0,0,0
1635,3,3,1,1,3,3,1
1411,3,1,1,6,1,6,1
1534,0,4,0,0,4,0,0
1689,5,5,2,2,5,5,2
1258,5,2,2,2,5,2,2
398,6,1,1,6,1,6,1
254,4,4,0,4,4,4,0
1622,4,0,0,4,0,6,0
346,4,0,0,0,0,4,0
263,4,4,0,4,4,4,0
551,4,0,0,4,0,4,0
929,4,0,0,4,0,3,0
1597,4,0,0,4,4,0,0
144,1,1,1,1,1,5,1
982,4,0,0,0,4,3,0
198,1,1,1,6,1,0,1
884,4,0,0,0,0,4,0
294,2,2,2,2,2,2,2
401,4,4,0,0,4,3,0
123,4,0,0,4,4,4,0
1208,4,0,0,4,0,3,0
1463,4,0,0,0,0,0,0
836,1,1,1,1,1,3,1
1440,1,1,1,1,3,3,1
1773,4,0,0,4,0,6,0
1754,1,1,1,1,1,5,1
1154,1,1,1,6,6,1,1
385,2,2,2,2,2,2,2
855,1,1,1,3,3,2,1
1590,2,2,2,2,2,2,2
220,2,2,2,2,2,2,2
952,2,2,2,2,2,0,2
1410,1,1,1,1,1,4,1
1292,2,2,2,2,2,2,2
442,1,1,1,1,1,1,1
1521,3,1,1,1,1,3,1
1137,0,0,0,0,0,0,0
1257,0,4,0,4,0,0,0
1739,1,1,1,1,1,4,1
1632,3,1,1,1,3,4,1
1398,0,0,0,4,4,6,0
664,0,0,0,0,0,6,0
1713,1,1,1,1,1,1,1
1657,5,2,2,2,2,5,2
318,0,0,0,4,0,6,0
649,2,5,2,2,2,0,2
1435,1,3,1,1,1,6,1
1480,0,0,0,0,0,6,0
710,1,1,1,1,1,2,1
1383,5,5,2,5,5,5,2
1283,1,3,1,1,1,3,1
973,0,0,0,4,0,0,0
628,0,0,0,4,0,0,0
633,1,3,1,1,3,3,1
1307,0,0,0,0,4,0,0
1401,0,0,0,0,0,0,0
1409,5,2,2,2,2,5,2
1249,0,0,0,4,0,0,0
1819,0,0,0,0,0,2,0
1255,1,1,1,1,1,3,1
1497,0,0,0,0,3,0,0
1372,0,0,0,0,0,2,0
1530,3,3,1,1,3,0,1
1355,0,0,0,0,4,6,0
1794,5,5,2,5,5,5,5
1772,0,0,0,0,0,0,0
1644,5,5,2,5,5,5,2
1860,2,2,2,2,5,0,2
796,0,0,0,0,4,6,0
646,3,3,1,1,1,3,1
1013,0,0,0,4,4,0,0
1716,3,1,1,6,1,6,1
557,1,1,1,3,1,0,1
682,0,0,0,4,4,6,0
578,0,0,0,0,0,0,0
1110,0,0,0,0,0,0,0
1267,4,0,0,4,0,4,0
1184,1,1,1,1,1,3,1
525,0,4,0,0,4,0,0
1060,1,1,1,1,1,2,1
541,2,2,2,2,2,2,2
1195,4,0,0,0,0,3,0
1679,2,2,2,2,2,2,2
749,4,0,0,4,0,3,0
1728,2,5,2,5,5,2,5
485,2,5,2,2,5,0,2
96,0,0,0,4,4,2,0
1021,2,2,2,2,2,2,2
564,1,1,1,6,3,2,1
1265,2,2,2,2,2,2,2
743,2,2,2,2,5,2,2
864,3,3,1,1,3,3,1
1599,0,0,0,4,0,0,0
1485,0,0,0,0,0,0,0
892,0,0,0,0,0,0,0
1578,5,5,2,5,2,5,2
1039,0,0,0,0,0,0,0
207,1,1,1,1,1,3,1
393,2,5,2,5,5,2,5
795,5,2,2,2,5,5,2
767,0,4,0,0,0,3,0
1718,0,0,0,0,4,0,0
1242,3,1,1,6,1,6,1
1029,0,0,0,0,0,0,0
643,1,1,1,1,1,4,1
961,0,0,0,0,0,0,0
726,3,1,1,1,1,4,1
684,1,1,1,1,1,0,1
99,5,5,2,2,5,5,2
1598,1,1,1,1,1,6,1
407,1,1,1,6,6,0,1
503,0,0,0,0,0,2,0
1072,3,1,1,1,1,4,1
1057,0,0,0,0,0,0,0
930,5,5,2,5,5,5,2
1052,1,1,1,3,3,4,1
41,1,1,1,1,3,4,1
1018,6,3,1,3,3,6,1
231,0,0,0,4,0,6,0
1514,0,0,0,0,0,0,0
379,3,1,1,6,1,4,1
289,3,3,1,6,3,4,1
1699,3,3,1,1,1,3,1
593,5,2,2,2,2,5,2
1523,3,1,1,3,3,3,1
1163,0,0,0,0,0,0,0
1087,0,0,0,4,4,3,0
1496,5,0,0,4,0,0,0
648,0,0,0,0,1,2,0
217,5,5,2,2,2,5,2
338,3,1,1,1,6,6,1
296,5,5,2,5,5,5,2
1726,5,5,2,5,2,5,2
1486,6,1,1,3,1,6,1
202,5,2,2,2,2,5,2
1026,5,2,2,5,2,5,2
1431,4,0,0,0,0,3,0
871,4,0,0,0,0,3,0
1764,2,2,2,2,5,2,2
613,4,0,0,4,4,6,0
1571,2,2,2,2,2,2,2
805,4,0,0,0,0,4,0
780,4,0,0,4,0,3,0
201,4,0,0,0,0,3,0
135,2,0,0,0,4,6,0
419,1,1,1,3,3,2,1
392,2,5,2,2,2,1,2
1153,4,0,0,4,0,6,0
1368,1,1,1,6,1,3,1
521,4,0,0,4,0,4,0
65,0,0,0,0,0,0,0
15,1,3,1,1,1,1,1
1181,0,0,0,0,4,6,0
1065,1,3,1,1,3,4,1
493,0,0,0,4,0,2,0
380,1,1,1,1,3,3,1
188,2,2,2,2,2,2,2
764,4,0,0,4,0,4,0
792,0,0,0,4,0,0,0
1077,1,3,1,1,1,1,1
879,0,0,0,0,0,0,0
720,0,0,0,0,0,6,0
1749,0,0,0,0,4,0,0
1017,3,1,1,6,1,6,1
1276,1,3,1,3,3,0,1
1751,3,1,1,1,1,3,1
456,1,3,1,1,3,3,1
1863,2,2,2,2,2,2,2
816,3,3,1,3,3,3,1
270,6,1,1,6,3,6,1
996,3,3,1,6,6,3,1
162,3,1,1,1,1,3,1
1580,1,1,1,1,3,3,1
730,2,2,2,2,5,0,2
402,1,1,1,1,3,3,1
703,1,3,1,3,6,2,1
1501,0,0,0,0,5,0,0
1130,0,0,0,0,0,0,0
566,2,2,2,2,2,2,2
1414,3,1,1,1,1,3,1
1022,3,1,1,3,1,0,1
1412,5,2,2,2,5,5,2
1586,2,2,2,2,2,2,2
1105,3,1,1,1,1,3,1
206,1,1,1,1,1,3,1
35,2,2,2,2,2,2,2
776,1,1,1,1,1,3,1
509,5,5,2,2,5,5,2
1452,0,0,0,0,4,6,0
1479,0,0,0,0,0,0,0
1837,0,4,0,0,4,6,0
1391,5,2,2,2,2,5,2
92,1,3,1,3,3,0,1
1364,0,0,0,4,4,0,0
898,0,0,0,4,0,2,0
565,5,2,2,5,5,5,5
1370,0,0,0,0,0,0,0
777,5,2,2,2,2,5,2
242,5,2,2,5,2,5,5
14,0,0,0,0,0,3,0
316,2,2,2,2,2,2,2
601,3,1,1,1,1,3,1
388,1,1,1,1,1,6,1
1298,0,0,0,0,4,0,0
167,1,3,1,6,3,0,1
841,0,0,0,0,4,0,0
21,2,2,2,2,2,2,2
647,5,5,2,2,5,5,2
1509,3,1,1,1,1,4,1
1155,4,0,0,0,0,3,0
1529,5,2,2,2,5,5,2
832,4,4,0,0,4,3,0
1268,0,0,0,0,0,0,0
1591,0,0,0,4,4,0,0
563,0,0,0,0,0,0,0
1818,0,0,0,0,0,6,0
687,1,1,1,6,1,0,1
958,5,5,2,5,5,5,5
190,4,0,0,4,0,3,0
1807,2,5,2,2,5,2,2
976,1,1,1,6,1,6,1
700,0,0,0,0,0,2,0
1500,1,1,1,1,1,6,1
1706,0,0,0,0,0,0,0
511,0,0,0,0,0,0,0
1083,0,0,0,0,0,0,0
475,1,1,1,1,1,3,1
1585,2,5,2,2,5,0,2
857,2,5,2,2,5,0,2
748,1,0,0,0,0,0,0
253,0,0,0,0,0,1,0
22,0,0,0,0,0,0,0
1338,0,0,0,4,0,0,0
460,5,2,2,2,2,5,2
1185,3,1,1,3,1,0,1
277,0,0,0,4,5,0,0
956,1,3,1,1,1,4,1
1216,2,2,2,5,2,2,5
386,0,0,0,4,0,3,0
806,1,1,1,6,1,0,1
1438,4,0,0,4,4,4,0
1516,0,0,0,4,4,0,0
344,0,0,0,0,0,6,0
770,0,0,0,4,4,6,0
1333,5,5,2,5,5,5,2
1686,5,5,2,5,5,5,2
131,1,1,1,1,3,4,1
1688,5,5,2,2,5,5,2
872,0,4,0,4,4,2,0
1124,0,0,0,0,0,0,0
1397,0,0,0,0,0,6,0
88,5,2,2,2,5,5,2
1483,3,1,1,1,1,4,1
331,3,1,1,1,3,3,1
1239,4,0,0,0,4,5,0
467,1,1,1,1,1,5,1
122,0,0,0,4,4,0,0
1639,6,3,1,1,3,6,1
1045,3,3,1,1,1,0,1
1725,5,2,2,2,5,5,2
1096,4,4,0,4,4,4,0
1131,1,3,1,1,3,3,1
1295,1,3,1,1,1,0,1
861,4,4,0,4,0,4,0
1460,5,5,2,5,5,5,5
1127,4,0,0,0,0,4,0
