,y_val,KNN_pred,QDA_pred,SVC_pred
1377,0,0,6,0
209,5,0,6,5
1310,0,0,6,0
1461,2,1,6,0
59,2,0,6,0
1694,0,3,6,0
1478,0,0,6,0
364,5,0,6,5
1164,0,1,6,0
594,0,0,6,0
1050,1,3,6,0
1776,6,0,6,0
1139,0,0,6,0
742,2,0,6,2
1359,0,5,6,0
1757,1,2,6,1
119,2,1,6,0
1169,0,0,6,0
675,4,3,6,3
523,5,2,6,5
514,3,5,6,1
82,5,2,6,4
1081,4,5,6,0
893,1,1,6,0
381,1,2,6,0
1581,1,1,6,1
85,0,0,6,0
1711,1,0,6,1
330,2,1,6,2
977,4,1,6,0
1384,2,1,6,2
1038,0,2,6,0
967,0,1,6,0
1844,1,0,6,0
452,0,0,6,0
491,0,2,6,0
1649,2,2,6,2
288,0,2,6,0
803,1,0,6,1
1852,1,1,6,1
1275,4,3,6,0
1171,4,2,6,0
875,3,0,6,0
1362,0,1,6,0
775,2,0,6,0
811,0,0,6,0
1011,2,1,6,2
1546,5,1,6,4
328,1,2,6,4
1611,0,5,6,0
713,0,0,6,0
1000,0,0,6,0
1019,1,1,6,0
1858,1,0,6,0
178,1,0,6,0
906,3,3,6,1
695,0,0,6,0
87,2,1,6,0
1336,1,0,6,1
1771,4,0,6,1
458,0,3,6,0
55,3,5,6,1
1404,2,1,6,0
222,4,5,6,0
114,1,3,6,0
860,4,0,6,4
1541,0,1,6,0
974,5,0,6,5
175,5,2,6,5
846,5,3,6,3
590,0,0,6,0
1865,4,3,6,0
19,1,0,6,1
424,3,3,6,1
1538,4,2,6,0
286,1,3,6,4
1484,4,1,6,0
429,5,4,6,5
1782,2,1,6,2
1240,4,4,6,0
32,1,4,6,0
825,4,2,6,1
1574,1,0,6,0
215,5,0,6,5
1254,5,1,6,1
327,1,1,6,0
561,4,0,6,0
1041,5,1,6,5
1492,0,0,6,0
1114,0,1,6,0
342,2,0,6,0
630,3,1,6,4
148,1,0,6,0
361,0,0,6,0
84,1,0,6,0
49,1,4,6,1
469,0,4,6,0
156,2,1,6,0
1331,2,2,6,2
1503,2,2,6,2
1126,4,1,6,0
1526,3,0,6,0
501,1,1,6,1
180,3,1,6,5
1218,2,0,6,2
901,0,0,6,0
693,3,0,6,0
773,0,0,6,0
1517,5,3,6,0
529,1,0,6,0
347,5,4,6,5
1293,3,1,6,0
1827,6,1,6,1
716,5,2,6,1
1053,1,0,6,0
887,4,0,6,0
950,0,0,6,0
1671,4,0,6,0
1424,0,0,6,0
313,0,1,6,1
436,1,1,6,1
661,0,4,6,0
1084,0,5,6,0
1117,0,0,6,0
297,3,1,6,1
1215,0,1,6,0
1520,0,1,6,0
768,3,0,6,0
210,0,1,6,0
1560,3,4,6,0
1475,3,1,6,1
602,5,4,6,1
244,2,0,6,0
786,2,0,6,0
1770,5,4,6,5
820,4,1,6,0
309,2,0,6,2
431,1,0,6,0
371,4,0,6,1
567,2,1,6,0
1829,2,1,6,1
182,1,0,6,0
622,1,3,6,0
723,5,1,6,0
835,5,3,6,5
1717,1,0,6,1
1862,4,0,6,1
462,2,2,6,0
1103,2,2,6,0
378,1,0,6,0
106,1,1,6,1
127,2,1,6,1
1059,4,4,6,4
966,1,1,6,5
356,4,1,6,0
1729,1,0,6,0
683,1,1,6,1
1101,5,0,6,3
1722,5,0,6,5
141,1,1,6,0
1341,1,1,6,1
1162,0,0,6,0
1290,0,1,6,0
1579,0,4,6,0
712,0,0,6,0
1183,4,3,6,0
1859,2,1,6,0
756,3,0,6,1
11,2,0,6,0
1587,0,0,6,0
1667,0,3,6,0
283,5,1,6,5
292,1,1,6,0
627,0,5,6,0
1437,5,4,6,0
758,4,0,6,0
130,5,1,6,5
1106,3,0,6,4
324,5,1,6,1
1014,1,0,6,0
744,4,0,6,0
844,3,1,6,0
1740,3,0,6,0
1327,5,3,6,0
1325,4,1,6,0
696,6,0,6,0
985,4,1,6,0
938,1,0,6,0
159,0,0,6,0
866,1,1,6,0
635,5,4,6,5
517,3,1,6,4
1332,3,4,6,0
598,2,5,6,0
196,0,0,6,0
1539,6,0,6,0
766,5,0,6,4
411,1,0,6,0
97,4,1,6,0
1531,3,1,6,0
1007,0,0,6,0
157,4,0,6,0
420,2,0,6,0
1513,4,2,6,0
478,0,0,6,0
916,3,2,6,0
669,2,0,6,2
1464,0,0,6,0
964,1,0,6,0
1212,4,0,6,0
448,5,0,6,0
1147,0,0,6,0
179,1,1,6,0
391,4,1,6,0
579,1,4,6,0
1395,0,0,6,0
1693,1,1,6,1
1540,1,1,6,0
1321,4,1,6,1
910,1,0,6,0
862,5,0,6,5
949,0,0,6,0
665,1,1,6,1
143,0,1,6,0
1419,0,0,6,0
1845,4,1,6,1
422,1,1,6,1
637,0,0,6,0
1311,1,0,6,0
1466,2,0,6,0
295,2,5,6,2
1774,0,0,6,0
89,2,0,6,0
42,2,3,6,2
1802,3,4,6,0
132,1,1,6,0
1582,1,0,6,0
986,0,0,6,0
1730,0,1,6,0
165,0,2,6,0
1853,3,0,6,1
779,3,3,6,4
349,0,1,6,0
1421,0,0,6,0
1661,3,0,6,0
1491,3,3,6,4
899,0,0,6,0
817,0,1,6,0
1732,0,0,6,0
1054,0,0,6,0
329,0,0,6,0
927,3,2,6,0
1621,0,0,6,0
650,0,0,6,0
259,0,0,6,0
139,0,0,6,0
1209,0,1,6,0
140,0,0,6,0
787,0,0,6,0
1609,0,4,6,0
1028,0,2,6,0
1179,0,0,6,0
1346,6,5,6,0
616,5,3,6,5
1493,4,5,6,0
1683,2,2,6,2
998,4,0,6,4
1655,1,0,6,0
725,5,1,6,3
291,4,0,6,4
1768,1,1,6,0
894,1,1,6,0
572,4,0,6,0
1759,1,0,6,0
1227,1,1,6,0
459,4,0,6,0
376,1,3,6,4
334,1,0,6,0
1738,1,1,6,0
1666,5,5,6,5
1361,2,2,6,2
1262,4,0,6,0
882,4,0,6,0
1079,5,0,6,5
1798,2,2,6,1
319,3,2,6,0
1432,1,0,6,0
1266,1,0,6,1
168,2,2,6,2
13,2,1,6,2
172,4,0,6,0
261,5,1,6,1
1537,6,1,6,0
1314,1,0,6,1
673,3,0,6,0
845,2,1,6,2
1119,2,2,6,0
1715,1,1,6,1
550,4,0,6,1
1727,2,0,6,0
1429,1,0,6,0
1104,1,1,6,1
559,3,0,6,1
1623,3,4,6,0
532,2,0,6,0
225,1,0,6,0
724,4,1,6,0
965,1,1,6,0
410,2,1,6,2
326,5,4,6,0
300,1,2,6,1
1068,5,1,6,5
1408,0,2,6,0
1734,0,0,6,0
715,0,1,6,0
1250,1,1,6,1
194,0,1,6,0
441,1,3,6,1
574,0,0,6,0
504,5,1,6,5
606,1,1,6,4
1288,0,0,6,0
1091,0,0,6,0
1669,2,0,6,0
847,5,0,6,5
4,0,4,6,0
1145,0,0,6,0
468,5,1,6,5
322,2,0,6,0
6,0,1,6,0
223,1,0,6,0
548,5,5,6,5
229,5,0,6,5
40,0,1,6,0
543,0,0,6,0
243,5,0,6,4
1790,2,2,6,0
137,1,2,6,0
1425,5,1,6,1
1640,0,0,6,0
1473,1,0,6,0
907,5,5,6,1
830,2,0,6,2
446,2,2,6,0
843,0,1,6,0
1762,1,1,6,0
1197,0,2,6,0
1704,1,1,6,1
1648,0,0,6,0
1836,4,1,6,0
662,1,0,6,4
437,0,0,6,0
1731,0,3,6,0
1379,0,0,6,0
1133,4,0,6,0
315,4,0,6,0
443,0,0,6,0
1489,0,1,6,0
320,0,0,6,0
282,0,1,6,0
1769,2,4,6,0
1406,1,0,6,0
425,2,2,6,2
554,4,1,6,0
595,4,0,6,0
1830,3,1,6,0
975,0,0,6,0
1512,3,0,6,0
939,0,1,6,0
1510,0,0,6,0
1447,4,0,6,0
1855,3,3,6,1
580,4,0,6,0
212,3,4,6,1
145,0,0,6,0
537,3,1,6,0
1048,0,2,6,0
273,0,1,6,0
1108,0,0,6,0
1846,0,0,6,0
631,0,1,6,0
1608,0,0,6,0
506,0,0,6,1
1080,0,0,6,0
3,3,3,6,0
1263,0,2,6,0
1085,0,0,6,0
666,0,0,6,1
365,0,1,6,0
216,3,0,6,0
48,3,1,6,0
56,3,0,6,0
73,3,0,6,1
1403,6,2,6,0
1323,5,0,6,5
582,5,5,6,1
377,5,1,6,5
1115,6,1,6,0
369,1,0,6,0
1297,1,0,6,1
1097,2,3,6,0
228,1,3,6,0
1027,2,0,6,2
67,1,0,6,0
394,5,0,6,4
25,1,1,6,0
1841,5,0,6,5
812,4,0,6,4
989,1,1,6,0
86,2,0,6,2
1684,5,0,6,5
953,5,2,6,1
1202,2,2,6,2
988,2,2,6,2
1745,4,5,6,1
1304,2,0,6,0
1279,2,0,6,0
1719,4,0,6,1
274,1,4,6,0
508,5,5,6,5
1343,1,1,6,0
363,5,0,6,5
1809,4,1,6,0
623,1,1,6,0
7,1,0,6,1
1469,5,0,6,5
312,1,1,6,0
1839,1,0,6,0
1285,4,2,6,0
983,0,4,6,0
28,0,2,6,0
1340,2,1,6,1
526,0,1,6,0
1712,2,0,6,0
1010,1,1,6,1
639,1,0,6,0
303,1,1,6,0
719,1,1,6,0
692,1,4,6,1
1467,1,0,6,0
1269,2,0,6,0
625,1,1,6,1
8,4,0,6,4
257,1,4,6,0
804,0,2,6,0
26,0,0,6,0
337,1,1,6,0
573,1,1,6,1
1382,5,3,6,1
107,1,0,6,1
350,1,1,6,0
239,0,0,6,0
214,0,2,6,0
121,0,4,6,0
1665,0,2,6,3
1238,0,0,6,0
794,4,3,6,1
923,3,0,6,1
813,5,4,6,5
1612,4,0,6,0
78,0,4,6,0
945,1,3,6,3
1051,1,0,6,0
46,3,1,6,0
1566,3,3,6,0
524,4,1,6,0
233,0,0,6,0
645,0,5,6,0
1449,3,0,6,0
534,5,5,6,5
604,2,0,6,1
1132,3,1,6,0
1490,0,0,6,0
61,0,0,6,0
1180,3,0,6,1
93,0,0,6,0
667,5,0,6,1
281,4,0,6,0
1042,2,2,6,1
360,2,0,6,0
1842,5,4,6,5
1861,2,2,6,0
848,3,1,6,0
111,3,0,6,0
43,0,3,6,0
126,4,1,6,0
53,2,3,6,0
1448,0,4,6,0
184,4,5,6,5
138,4,4,6,0
133,4,1,6,1
81,0,0,6,0
1442,3,1,6,1
542,4,0,6,0
1494,0,1,6,0
984,4,2,6,0
166,0,1,6,0
249,0,1,6,0
447,0,0,6,0
1076,0,0,6,0
859,4,0,6,0
98,0,1,6,0
1840,2,2,6,2
1177,0,0,6,0
919,3,1,6,4
1603,2,1,6,0
1565,3,4,6,0
763,3,0,6,0
990,0,0,6,0
389,3,0,6,0
1656,0,0,6,0
268,3,4,6,0
674,0,0,6,0
250,0,5,6,0
34,0,0,6,0
449,6,0,6,0
717,0,0,6,0
1420,0,3,6,0
1047,0,0,6,0
771,0,0,6,0
1217,0,4,6,0
1324,0,0,6,0
1824,0,0,6,0
1232,0,0,6,0
1628,1,1,6,1
1284,5,5,6,5
205,1,0,6,1
546,1,0,6,1
69,5,3,6,5
1064,5,0,6,5
900,1,0,6,0
797,1,0,6,0
1134,4,2,6,1
738,1,1,6,1
103,4,4,6,0
435,1,0,6,0
75,4,3,6,1
1674,1,1,6,0
1125,1,3,6,0
1518,1,1,6,0
236,4,0,6,0
1112,3,3,6,1
118,1,0,6,0
1504,3,3,6,0
1356,5,0,6,0
95,3,0,6,0
1367,1,0,6,0
1563,4,0,6,1
1746,3,1,6,0
1,1,1,6,0
1282,1,0,6,0
1102,1,1,6,0
83,5,1,6,5
1203,4,0,6,4
677,5,0,6,1
1663,2,2,6,0
1138,1,0,6,0
1487,5,1,6,1
1481,3,3,6,0
1792,5,1,6,5
405,1,0,6,1
1616,3,3,6,1
1211,3,1,6,1
105,5,0,6,5
689,3,0,6,0
827,3,3,6,1
63,5,3,6,0
853,5,2,6,5
1413,2,2,6,0
224,5,0,6,4
146,5,0,6,5
1089,4,1,6,0
374,4,0,6,0
1482,3,4,6,0
1499,5,0,6,1
10,4,0,6,1
450,1,3,6,0
709,1,4,6,0
256,2,0,6,0
883,0,0,6,0
390,4,4,6,1
909,0,1,6,0
925,0,0,6,0
1596,2,0,6,2
1741,0,1,6,0
461,0,1,6,0
1186,0,2,6,0
959,0,5,6,1
502,5,0,6,5
740,2,0,6,0
1760,0,0,6,0
869,0,0,6,0
732,0,1,6,0
540,0,0,6,0
698,0,2,6,0
1804,4,0,6,1
1650,0,0,6,1
1146,4,1,6,0
1032,3,4,6,0
373,0,0,6,0
668,2,4,6,2
1428,0,0,6,0
358,3,1,6,1
968,0,1,6,0
784,0,0,6,0
736,4,1,6,1
971,2,1,6,2
1615,3,0,6,0
1506,1,2,6,0
1426,4,1,6,1
1393,0,0,6,0
1783,3,3,6,4
1607,0,0,6,0
80,2,1,6,0
1173,1,2,6,1
815,2,1,6,1
1542,0,4,6,0
58,0,0,6,0
134,4,1,6,1
1141,0,0,6,0
1577,4,3,6,0
505,1,5,6,1
348,0,4,6,0
387,0,5,6,0
1025,2,0,6,0
829,4,0,6,0
1394,0,1,6,0
1302,0,0,6,0
173,0,1,6,0
1150,1,0,6,0
39,2,1,6,0
714,0,0,6,0
91,2,0,6,2
1805,0,1,6,0
1259,1,0,6,0
1270,1,0,6,1
1825,0,1,6,0
500,0,0,6,0
1189,1,2,6,0
946,0,1,6,0
170,0,0,6,0
1352,2,3,6,0
1033,2,0,6,2
588,0,4,6,0
751,0,0,6,0
658,0,0,6,0
1528,0,1,6,0
1157,0,0,6,0
1210,2,1,6,0
1066,0,4,6,0
109,6,1,6,1
1049,2,4,6,0
1567,2,0,6,0
1752,6,1,6,0
192,6,3,6,0
1036,5,0,6,0
886,3,2,6,0
672,3,4,6,0
1434,3,1,6,1
934,3,2,6,0
824,5,1,6,1
1658,5,1,6,5
895,3,3,6,0
1765,4,1,6,0
476,5,5,6,5
653,5,1,6,5
876,3,1,6,0
1094,4,1,6,0
1156,5,1,6,5
339,5,3,6,5
29,1,0,6,4
1234,1,3,6,0
1700,5,0,6,4
1198,4,4,6,1
913,5,2,6,5
492,4,5,6,0
954,1,1,6,0
1098,1,2,6,5
235,1,0,6,0
733,3,1,6,0
1477,1,4,6,0
1524,3,0,6,0
935,1,2,6,0
1443,1,0,6,0
569,0,1,6,0
1168,4,4,6,4
1175,0,1,6,0
891,1,0,6,0
948,1,4,6,0
1260,1,0,6,0
1335,4,0,6,0
1619,0,0,6,0
885,0,4,6,0
851,0,2,6,0
735,4,0,6,0
718,0,0,6,0
455,4,2,6,4
265,5,1,6,1
76,1,3,6,1
1553,5,3,6,0
445,0,0,6,0
396,0,1,6,0
177,2,0,6,0
1043,1,0,6,0
1624,4,1,6,0
1306,2,0,6,0
1286,5,3,6,4
596,2,2,6,1
62,4,0,6,0
873,1,0,6,0
1392,0,0,6,0
279,4,0,6,0
37,1,1,6,1
1418,0,2,6,0
663,5,1,6,0
1687,4,0,6,0
1348,2,0,6,0
978,0,0,6,0
1472,2,1,6,0
739,2,2,6,2
920,4,1,6,1
457,0,3,6,0
676,1,4,6,1
761,0,1,6,0
1848,1,3,6,0
729,1,0,6,0
413,1,1,6,0
1099,0,2,6,0
826,2,0,6,2
1511,0,0,6,0
617,2,0,6,0
115,5,2,6,5
418,0,4,6,0
1780,0,0,6,0
970,3,2,6,0
605,2,0,6,0
1787,2,0,6,0
90,5,1,6,4
849,4,3,6,0
1422,2,1,6,0
1786,1,0,6,0
754,3,0,6,0
499,3,3,6,0
1277,1,1,6,0
12,2,0,6,2
397,0,2,6,0
285,0,0,6,0
1067,1,0,6,0
1192,0,0,6,0
1631,0,2,6,0
691,2,0,6,0
1758,0,1,6,0
690,2,3,6,3
852,0,0,6,0
160,0,0,6,0
896,2,2,6,2
1476,1,1,6,0
258,0,2,6,0
336,0,0,6,0
1753,0,0,6,0
1040,1,1,6,0
516,4,1,6,0
1016,4,0,6,0
1633,0,4,6,0
1204,3,0,6,0
1371,4,2,6,0
522,0,5,6,0
23,0,0,6,0
357,1,0,6,0
1278,0,1,6,4
1313,2,0,6,0
1576,1,1,6,0
341,2,0,6,0
432,6,1,6,1
1228,0,1,6,0
1495,0,2,6,0
1012,0,0,6,0
94,0,0,6,0
1071,0,1,6,0
1093,0,0,6,0
1309,0,0,6,0
697,3,2,6,0
154,0,0,6,0
1213,3,0,6,1
921,6,0,6,0
1128,6,1,6,0
1527,5,0,6,1
769,5,0,6,5
762,5,0,6,5
1247,5,3,6,5
1850,4,0,6,0
474,2,2,6,2
218,1,2,6,0
912,4,1,6,0
1816,4,0,6,0
1009,4,1,6,0
1708,1,5,6,1
1675,1,0,6,3
997,1,0,6,0
1100,0,2,6,0
1610,4,0,6,0
1864,1,5,6,0
790,0,1,6,0
581,5,5,6,5
704,4,5,6,0
1296,0,1,6,0
1561,5,4,6,4
1261,4,3,6,0
488,0,1,6,0
560,1,5,6,5
1142,0,0,6,0
1120,0,0,6,0
802,0,0,6,0
513,2,1,6,0
634,0,0,6,0
1381,5,2,6,5
1670,2,0,6,0
1151,1,1,6,0
791,5,5,6,5
117,4,1,6,4
741,2,1,6,0
1583,1,0,6,0
1082,0,1,6,0
831,0,0,6,1
120,2,0,6,2
657,2,2,6,2
1777,0,0,6,0
636,2,0,6,2
370,0,2,6,1
269,2,2,6,0
656,1,0,6,0
936,1,0,6,0
823,4,2,6,0
867,4,4,6,0
47,0,0,6,0
1374,0,0,6,0
1600,1,0,6,0
992,3,1,6,0
877,5,0,6,5
774,0,0,6,0
1220,2,0,6,2
1866,0,0,6,0
5,1,1,6,0
1004,2,3,6,0
1613,4,1,6,0
264,0,5,6,0
1470,2,0,6,0
1709,1,4,6,0
444,1,1,6,1
1003,0,0,6,0
1078,0,1,6,0
838,0,0,6,0
1673,1,0,6,4
305,1,1,6,0
1366,1,3,6,0
1458,1,1,6,1
314,0,0,6,0
150,4,1,6,0
1149,2,0,6,2
1214,0,0,6,0
575,4,1,6,0
51,1,4,6,1
1453,1,1,6,0
727,0,5,6,0
834,3,0,6,0
1378,4,0,6,0
1116,3,3,6,0
1167,2,2,6,0
471,1,0,6,0
972,4,0,6,1
654,3,0,6,0
400,1,0,6,0
512,3,0,6,0
321,3,1,6,0
20,0,1,6,0
685,2,2,6,2
36,2,2,6,2
903,1,0,6,0
828,4,3,6,0
1678,3,0,6,1
408,0,0,6,0
538,0,4,6,0
759,0,1,6,0
1063,1,0,6,0
1200,1,0,6,0
246,0,1,6,0
1417,0,0,6,0
785,3,1,6,0
490,1,0,6,0
155,0,0,6,0
962,5,1,6,1
854,3,3,6,0
1312,1,0,6,0
686,3,3,6,0
570,5,1,6,4
1778,0,1,6,0
18,5,2,6,5
128,5,0,6,5
1347,2,0,6,0
1280,0,4,6,0
981,0,0,6,0
1831,0,0,6,0
191,0,1,6,0
1140,0,2,6,0
1552,0,0,6,0
607,0,0,6,0
1588,3,0,6,0
17,3,1,6,0
1073,5,0,6,5
547,5,0,6,5
1755,5,1,6,4
798,3,1,6,0
1389,3,4,6,0
1761,6,0,6,1
641,6,2,6,0
955,6,1,6,0
1629,4,3,6,0
626,1,0,6,0
1462,1,1,6,1
1835,4,3,6,0
928,4,0,6,0
993,2,0,6,2
1822,4,5,6,0
181,0,0,6,0
302,1,1,6,1
497,2,2,6,0
1601,0,0,6,0
1557,1,3,6,0
1630,0,0,6,0
518,4,0,6,0
1851,1,2,6,1
1070,4,0,6,0
477,1,1,6,0
158,1,1,6,0
1244,1,3,6,0
1196,0,0,6,0
1838,4,0,6,0
659,0,0,6,0
1522,0,1,6,0
1020,4,4,6,0
1558,0,1,6,1
960,1,0,6,1
284,2,1,6,0
1736,2,0,6,2
226,0,2,6,0
27,4,0,6,0
1654,1,2,6,1
438,2,0,6,0
1815,0,2,6,0
230,0,0,6,0
38,5,1,6,1
750,0,1,6,0
1046,3,0,6,0
1399,1,1,6,0
470,0,3,6,4
1828,0,2,6,0
1834,0,0,6,0
688,4,5,6,0
1720,1,0,6,0
640,2,3,6,0
1604,5,0,6,0
1219,1,2,6,0
1159,1,0,6,1
1416,3,1,6,0
1551,2,2,6,2
1301,0,1,6,0
1702,1,0,6,0
801,0,2,6,0
161,2,0,6,0
957,4,2,6,1
1187,3,1,6,1
822,4,0,6,0
1575,1,4,6,0
878,4,2,6,1
914,3,2,6,0
153,0,0,6,0
1714,2,0,6,2
1660,3,1,6,1
510,4,5,6,0
1136,3,1,6,0
1251,1,0,6,0
1559,4,3,6,0
104,0,0,6,0
1446,1,2,6,0
1444,3,2,6,1
587,5,1,6,0
1652,2,2,6,2
1144,5,5,6,3
54,0,0,6,0
152,5,3,6,5
404,5,5,6,5
1810,0,0,6,0
208,2,2,6,2
1767,3,0,6,0
1123,1,4,6,0
1636,4,0,6,0
9,2,2,6,0
1015,5,1,6,1
1677,5,5,6,5
1061,1,1,6,0
453,0,3,6,0
1328,0,0,6,0
897,0,4,6,0
881,3,1,6,1
624,5,2,6,5
1595,5,0,6,3
1322,2,0,6,2
1439,1,1,6,0
151,1,0,6,3
473,1,4,6,0
1849,5,1,6,5
1756,0,0,6,0
489,1,0,6,0
1692,5,1,6,5
1172,0,0,6,0
147,0,3,6,0
1797,2,5,6,1
403,3,0,6,0
1763,0,5,6,0
660,1,1,6,1
1373,0,1,6,0
464,1,0,6,0
1350,2,2,6,0
187,0,0,6,0
1148,2,1,6,0
1225,3,5,6,0
609,1,0,6,0
752,0,0,6,0
1535,5,4,6,5
280,0,1,6,0
1703,0,0,6,0
203,0,4,6,0
247,0,0,6,0
1427,6,1,6,0
1643,5,0,6,0
642,3,0,6,0
2,0,4,6,0
113,6,0,6,0
699,0,0,6,0
1784,0,1,6,0
1635,3,0,6,0
1411,3,1,6,1
1534,0,2,6,0
1689,5,2,6,5
1258,5,5,6,3
398,6,0,6,0
254,4,1,6,0
1622,4,0,6,0
346,4,3,6,0
263,4,3,6,0
551,4,3,6,0
929,4,0,6,0
1597,4,1,6,0
144,1,2,6,1
982,4,1,6,0
198,1,0,6,0
884,4,0,6,0
294,2,1,6,2
401,4,0,6,0
123,4,0,6,0
1208,4,0,6,0
1463,4,0,6,0
836,1,1,6,1
1440,1,1,6,0
1773,4,1,6,1
1754,1,0,6,3
1154,1,0,6,0
385,2,0,6,0
855,1,1,6,0
1590,2,0,6,0
220,2,4,6,1
952,2,0,6,0
1410,1,0,6,4
1292,2,3,6,0
442,1,1,6,0
1521,3,1,6,0
1137,0,2,6,0
1257,0,1,6,0
1739,1,0,6,1
1632,3,1,6,1
1398,0,1,6,0
664,0,3,6,0
1713,1,0,6,0
1657,5,0,6,5
318,0,1,6,0
649,2,0,6,0
1435,1,1,6,1
1480,0,0,6,0
710,1,0,6,0
1383,5,0,6,5
1283,1,2,6,0
973,0,1,6,0
628,0,0,6,0
633,1,0,6,0
1307,0,0,6,0
1401,0,0,6,0
1409,5,3,6,5
1249,0,0,6,0
1819,0,1,6,0
1255,1,3,6,1
1497,0,4,6,0
1372,0,0,6,0
1530,3,3,6,0
1355,0,3,6,0
1794,5,2,6,5
1772,0,1,6,0
1644,5,3,6,5
1860,2,1,6,0
796,0,0,6,0
646,3,2,6,0
1013,0,1,6,1
1716,3,2,6,1
557,1,0,6,0
682,0,1,6,0
578,0,1,6,0
1110,0,0,6,0
1267,4,4,6,0
1184,1,4,6,1
525,0,4,6,0
1060,1,2,6,0
541,2,2,6,2
1195,4,0,6,0
1679,2,0,6,2
749,4,0,6,1
1728,2,0,6,0
485,2,0,6,0
96,0,2,6,0
1021,2,0,6,0
564,1,3,6,0
1265,2,0,6,2
743,2,0,6,0
864,3,4,6,0
1599,0,0,6,0
1485,0,3,6,0
892,0,0,6,0
1578,5,1,6,5
1039,0,0,6,0
207,1,0,6,1
393,2,0,6,2
795,5,5,6,5
767,0,1,6,0
1718,0,0,6,0
1242,3,1,6,1
1029,0,0,6,0
643,1,0,6,0
961,0,0,6,0
726,3,5,6,1
684,1,0,6,1
99,5,1,6,5
1598,1,0,6,0
407,1,3,6,0
503,0,0,6,0
1072,3,4,6,1
1057,0,1,6,0
930,5,0,6,5
1052,1,0,6,1
41,1,1,6,0
1018,6,5,6,0
231,0,2,6,0
1514,0,1,6,0
379,3,2,6,1
289,3,3,6,3
1699,3,5,6,0
593,5,4,6,4
1523,3,2,6,0
1163,0,0,6,0
1087,0,0,6,1
1496,5,0,6,0
648,0,1,6,0
217,5,1,6,5
338,3,0,6,0
296,5,0,6,5
1726,5,5,6,5
1486,6,4,6,0
202,5,1,6,1
1026,5,1,6,4
1431,4,0,6,0
871,4,3,6,0
1764,2,0,6,0
613,4,0,6,0
1571,2,4,6,2
805,4,1,6,1
780,4,4,6,0
201,4,1,6,0
135,2,5,6,1
419,1,1,6,0
392,2,5,6,0
1153,4,1,6,0
1368,1,0,6,0
521,4,1,6,1
65,0,3,6,0
15,1,0,6,0
1181,0,1,6,0
1065,1,1,6,1
493,0,0,6,0
380,1,4,6,4
188,2,5,6,0
764,4,0,6,0
792,0,1,6,0
1077,1,0,6,0
879,0,1,6,0
720,0,1,6,0
1749,0,1,6,0
1017,3,5,6,0
1276,1,0,6,0
1751,3,2,6,0
456,1,0,6,0
1863,2,0,6,2
816,3,0,6,3
270,6,1,6,0
996,3,4,6,0
162,3,0,6,0
1580,1,2,6,0
730,2,1,6,0
402,1,1,6,0
703,1,3,6,0
1501,0,1,6,0
1130,0,0,6,0
566,2,2,6,2
1414,3,1,6,0
1022,3,0,6,0
1412,5,5,6,5
1586,2,1,6,2
1105,3,1,6,1
206,1,0,6,1
35,2,2,6,0
776,1,1,6,1
509,5,0,6,5
1452,0,3,6,1
1479,0,0,6,0
1837,0,4,6,0
1391,5,2,6,5
92,1,2,6,1
1364,0,1,6,0
898,0,0,6,0
565,5,2,6,4
1370,0,1,6,0
777,5,1,6,5
242,5,0,6,5
14,0,1,6,0
316,2,2,6,2
601,3,0,6,0
388,1,0,6,0
1298,0,1,6,0
167,1,1,6,0
841,0,0,6,0
21,2,2,6,2
647,5,3,6,5
1509,3,1,6,1
1155,4,0,6,0
1529,5,2,6,1
832,4,2,6,0
1268,0,0,6,0
1591,0,0,6,0
563,0,3,6,0
1818,0,1,6,0
687,1,1,6,0
958,5,5,6,5
190,4,0,6,0
1807,2,2,6,0
976,1,0,6,0
700,0,0,6,0
1500,1,3,6,1
1706,0,0,6,0
511,0,0,6,0
1083,0,1,6,0
475,1,3,6,0
1585,2,2,6,0
857,2,0,6,0
748,1,0,6,0
253,0,0,6,0
22,0,0,6,0
1338,0,0,6,0
460,5,1,6,5
1185,3,4,6,1
277,0,2,6,0
956,1,0,6,0
1216,2,1,6,0
386,0,0,6,0
806,1,1,6,0
1438,4,1,6,0
1516,0,0,6,0
344,0,0,6,0
770,0,0,6,0
1333,5,4,6,5
1686,5,1,6,5
131,1,4,6,0
1688,5,1,6,5
872,0,3,6,0
1124,0,0,6,0
1397,0,2,6,0
88,5,4,6,5
1483,3,0,6,0
331,3,4,6,1
1239,4,3,6,0
467,1,4,6,1
122,0,3,6,0
1639,6,0,6,0
1045,3,1,6,0
1725,5,0,6,5
1096,4,2,6,4
1131,1,1,6,4
1295,1,1,6,0
861,4,0,6,3
1460,5,5,6,5
1127,4,1,6,0
