,y_val,KNN_pred,QDA_pred,SVC_pred
1377,0,0,2,0
209,5,1,2,5
1310,0,0,2,0
1461,2,0,2,0
59,2,0,6,2
1694,0,2,6,2
1478,0,0,1,0
364,5,5,2,5
1164,0,0,5,0
594,0,0,1,0
1050,1,5,4,5
1776,6,1,1,0
1139,0,1,2,0
742,2,0,3,0
1359,0,0,4,0
1757,1,2,3,4
119,2,0,5,0
1169,0,0,4,3
675,4,4,5,3
523,5,1,1,5
514,3,4,2,4
82,5,4,5,4
1081,4,4,5,3
893,1,5,2,5
381,1,0,6,3
1581,1,3,5,4
85,0,0,2,0
1711,1,1,4,5
330,2,2,1,2
977,4,4,5,4
1384,2,0,4,0
1038,0,0,3,0
967,0,0,2,0
1844,1,0,3,0
452,0,1,5,0
491,0,1,5,4
1649,2,2,2,2
288,0,0,2,0
803,1,3,5,3
1852,1,1,1,4
1275,4,4,5,4
1171,4,1,5,1
875,3,4,2,4
1362,0,0,1,0
775,2,0,6,2
811,0,3,4,0
1011,2,0,1,4
1546,5,3,2,5
328,1,1,3,5
1611,0,1,5,0
713,0,0,0,0
1000,0,2,6,0
1019,1,1,4,4
1858,1,2,4,3
178,1,1,2,0
906,3,4,5,4
695,0,2,6,0
87,2,2,2,2
1336,1,3,5,4
1771,4,0,4,3
458,0,0,5,0
55,3,4,5,5
1404,2,1,5,3
222,4,3,5,4
114,1,4,4,4
860,4,1,1,4
1541,0,0,6,0
974,5,3,3,5
175,5,3,4,5
846,5,5,5,5
590,0,3,5,4
1865,4,4,5,4
19,1,1,2,5
424,3,4,1,4
1538,4,5,5,3
286,1,4,2,5
1484,4,0,2,0
429,5,5,2,5
1782,2,0,1,0
1240,4,1,4,3
32,1,4,3,4
825,4,1,2,3
1574,1,5,4,5
215,5,1,2,5
1254,5,1,4,5
327,1,4,2,4
561,4,5,3,5
1041,5,1,2,5
1492,0,0,5,0
1114,0,1,2,4
342,2,4,2,4
630,3,4,4,3
148,1,0,2,0
361,0,0,5,0
84,1,0,4,0
49,1,1,2,0
469,0,0,1,3
156,2,0,4,2
1331,2,0,2,0
1503,2,0,5,0
1126,4,1,2,0
1526,3,4,5,3
501,1,0,3,3
180,3,1,1,3
1218,2,0,5,0
901,0,0,6,0
693,3,2,3,0
773,0,1,2,0
1517,5,4,5,5
529,1,0,4,0
347,5,4,5,5
1293,3,4,2,5
1827,6,3,1,4
716,5,3,3,3
1053,1,0,5,3
887,4,4,3,4
950,0,0,3,0
1671,4,4,4,5
1424,0,2,2,4
313,0,0,2,0
436,1,0,3,3
661,0,1,5,0
1084,0,0,2,0
1117,0,0,2,0
297,3,3,1,4
1215,0,1,5,0
1520,0,0,5,0
768,3,3,3,4
210,0,0,5,0
1560,3,1,2,3
1475,3,4,3,4
602,5,3,3,5
244,2,4,3,4
786,2,0,6,1
1770,5,4,3,5
820,4,3,3,5
309,2,2,5,0
431,1,5,5,5
371,4,1,3,4
567,2,0,1,0
1829,2,4,1,4
182,1,4,4,4
622,1,4,5,4
723,5,5,3,5
835,5,4,5,5
1717,1,4,3,3
1862,4,2,2,3
462,2,0,3,4
1103,2,2,1,2
378,1,0,2,0
106,1,4,5,3
127,2,0,2,3
1059,4,1,3,5
966,1,4,3,4
356,4,4,4,3
1729,1,0,2,0
683,1,4,2,4
1101,5,1,4,5
1722,5,1,4,5
141,1,1,5,0
1341,1,4,3,4
1162,0,2,5,4
1290,0,0,5,0
1579,0,0,4,0
712,0,0,2,0
1183,4,4,3,5
1859,2,0,6,0
756,3,4,2,5
11,2,2,2,2
1587,0,0,5,0
1667,0,2,5,0
283,5,4,2,4
292,1,1,4,0
627,0,4,1,0
1437,5,0,3,5
758,4,4,5,2
130,5,4,5,5
1106,3,3,3,3
324,5,3,3,5
1014,1,4,3,4
744,4,1,3,3
844,3,1,4,5
1740,3,3,2,3
1327,5,5,5,5
1325,4,3,3,4
696,6,4,5,3
985,4,0,4,4
938,1,0,5,0
159,0,0,2,0
866,1,0,2,0
635,5,5,4,5
517,3,3,4,3
1332,3,4,2,5
598,2,0,5,0
196,0,0,2,0
1539,6,1,2,0
766,5,1,2,5
411,1,0,5,0
97,4,4,2,4
1531,3,4,5,4
1007,0,0,5,0
157,4,4,4,4
420,2,3,6,0
1513,4,2,2,1
478,0,1,2,0
916,3,3,5,4
669,2,2,1,2
1464,0,0,4,0
964,1,4,1,5
1212,4,4,5,4
448,5,4,6,0
1147,0,0,1,0
179,1,0,6,0
391,4,4,2,5
579,1,4,5,3
1395,0,0,4,3
1693,1,0,5,0
1540,1,4,2,3
1321,4,4,2,3
910,1,0,4,0
862,5,4,2,5
949,0,0,6,0
665,1,1,3,3
143,0,0,2,0
1419,0,1,5,0
1845,4,0,5,4
422,1,1,4,4
637,0,0,1,0
1311,1,1,3,3
1466,2,0,5,0
295,2,0,1,0
1774,0,0,2,0
89,2,0,5,2
42,2,0,1,0
1802,3,3,3,3
132,1,4,4,5
1582,1,0,6,0
986,0,0,4,0
1730,0,0,5,0
165,0,0,2,0
1853,3,1,3,3
779,3,4,4,4
349,0,0,1,0
1421,0,0,5,0
1661,3,0,3,0
1491,3,3,2,4
899,0,0,2,0
817,0,0,5,4
1732,0,2,6,0
1054,0,1,5,0
329,0,4,3,0
927,3,4,5,4
1621,0,0,2,0
650,0,0,5,0
259,0,0,1,0
139,0,0,4,3
1209,0,0,1,0
140,0,0,2,0
787,0,0,2,0
1609,0,0,3,0
1028,0,0,1,0
1179,0,0,4,2
1346,6,2,3,4
616,5,4,2,5
1493,4,4,5,4
1683,2,2,2,2
998,4,3,4,5
1655,1,1,3,5
725,5,0,4,5
291,4,2,3,3
1768,1,0,5,3
894,1,3,5,3
572,4,4,2,4
1759,1,4,4,3
1227,1,4,3,5
459,4,4,5,4
376,1,3,5,3
334,1,0,1,0
1738,1,3,3,3
1666,5,4,4,5
1361,2,0,3,1
1262,4,0,3,4
882,4,4,2,4
1079,5,4,4,5
1798,2,3,5,3
319,3,1,2,3
1432,1,0,2,0
1266,1,5,2,5
168,2,0,1,4
13,2,2,5,2
172,4,0,5,0
261,5,4,2,4
1537,6,0,2,2
1314,1,3,4,5
673,3,0,1,0
845,2,2,2,2
1119,2,0,6,0
1715,1,4,3,5
550,4,1,2,4
1727,2,2,3,0
1429,1,0,5,0
1104,1,0,2,4
559,3,2,4,3
1623,3,3,2,4
532,2,2,5,0
225,1,1,3,3
724,4,4,2,4
965,1,1,1,3
410,2,0,2,0
326,5,4,1,5
300,1,4,3,4
1068,5,1,2,5
1408,0,0,4,0
1734,0,0,5,0
715,0,0,6,0
1250,1,4,3,5
194,0,0,1,0
441,1,4,2,4
574,0,0,5,0
504,5,4,2,5
606,1,0,3,3
1288,0,0,4,0
1091,0,4,6,0
1669,2,0,4,4
847,5,4,4,5
4,0,0,5,0
1145,0,0,6,0
468,5,4,2,5
322,2,4,2,4
6,0,0,2,0
223,1,4,4,4
548,5,4,2,4
229,5,4,2,4
40,0,0,2,0
543,0,0,2,0
243,5,5,1,5
1790,2,1,3,4
137,1,0,2,0
1425,5,3,4,5
1640,0,1,0,0
1473,1,0,2,0
907,5,5,2,5
830,2,0,5,0
446,2,2,2,2
843,0,2,6,0
1762,1,3,5,3
1197,0,0,2,0
1704,1,2,5,4
1648,0,0,2,0
1836,4,4,4,4
662,1,1,2,4
437,0,1,4,0
1731,0,0,2,0
1379,0,0,5,0
1133,4,1,5,4
315,4,1,3,3
443,0,2,2,3
1489,0,0,2,0
320,0,2,3,0
282,0,1,2,0
1769,2,2,6,0
1406,1,4,2,2
425,2,0,1,0
554,4,1,5,4
595,4,4,3,5
1830,3,4,4,5
975,0,3,4,3
1512,3,6,4,1
939,0,2,5,0
1510,0,0,6,0
1447,4,4,3,4
1855,3,1,5,3
580,4,3,3,3
212,3,3,5,5
145,0,0,5,0
537,3,4,4,5
1048,0,0,2,0
273,0,0,4,0
1108,0,0,2,0
1846,0,0,2,0
631,0,0,2,0
1608,0,0,3,0
506,0,0,4,0
1080,0,0,1,0
3,3,1,1,5
1263,0,0,6,0
1085,0,0,1,0
666,0,0,4,0
365,0,1,5,0
216,3,4,2,3
48,3,0,1,0
56,3,1,2,3
73,3,1,5,5
1403,6,0,5,3
1323,5,1,2,5
582,5,0,4,5
377,5,3,4,5
1115,6,0,6,0
369,1,0,2,0
1297,1,4,2,3
1097,2,4,3,4
228,1,0,2,0
1027,2,0,6,0
67,1,0,5,0
394,5,4,3,5
25,1,0,2,0
1841,5,4,3,5
812,4,4,2,4
989,1,0,5,0
86,2,2,1,0
1684,5,5,4,5
953,5,4,5,5
1202,2,2,2,2
988,2,2,5,2
1745,4,0,5,4
1304,2,1,3,4
1279,2,4,5,4
1719,4,2,5,2
274,1,4,5,5
508,5,1,2,5
1343,1,4,4,3
363,5,1,5,5
1809,4,1,5,3
623,1,4,3,3
7,1,4,3,5
1469,5,1,5,5
312,1,0,5,0
1839,1,0,1,0
1285,4,4,3,4
983,0,0,2,0
28,0,3,3,4
1340,2,0,6,0
526,0,0,1,0
1712,2,0,6,0
1010,1,2,4,4
639,1,4,5,5
303,1,0,5,0
719,1,1,2,0
692,1,4,4,4
1467,1,0,5,0
1269,2,0,4,0
625,1,1,3,5
8,4,1,2,3
257,1,4,5,4
804,0,0,2,0
26,0,4,5,4
337,1,1,2,3
573,1,5,4,4
1382,5,4,4,5
107,1,1,2,3
350,1,1,2,4
239,0,0,3,1
214,0,0,5,0
121,0,0,5,0
1665,0,0,2,0
1238,0,0,4,0
794,4,0,3,3
923,3,4,5,4
813,5,1,5,4
1612,4,4,3,3
78,0,4,1,0
945,1,4,6,0
1051,1,0,2,0
46,3,3,5,4
1566,3,4,3,4
524,4,1,5,4
233,0,0,2,0
645,0,0,5,0
1449,3,4,5,3
534,5,1,4,5
604,2,2,4,4
1132,3,4,5,3
1490,0,0,2,0
61,0,0,5,0
1180,3,4,3,4
93,0,0,2,0
667,5,5,3,5
281,4,4,3,1
1042,2,4,5,3
360,2,1,2,3
1842,5,1,3,5
1861,2,0,5,2
848,3,1,2,4
111,3,0,5,0
43,0,0,1,0
126,4,4,2,4
53,2,0,5,0
1448,0,0,2,0
184,4,5,3,5
138,4,1,3,4
133,4,1,5,3
81,0,0,2,0
1442,3,4,5,5
542,4,1,2,3
1494,0,0,5,0
984,4,4,5,3
166,0,0,1,0
249,0,1,1,0
447,0,2,6,3
1076,0,0,2,0
859,4,4,4,5
98,0,2,5,4
1840,2,2,2,2
1177,0,0,5,0
919,3,0,5,3
1603,2,0,6,0
1565,3,0,2,4
763,3,4,2,4
990,0,2,2,0
389,3,0,2,0
1656,0,3,2,3
268,3,3,3,3
674,0,0,2,0
250,0,1,1,0
34,0,0,0,0
449,6,0,5,4
717,0,0,4,0
1420,0,1,2,0
1047,0,0,5,0
771,0,2,6,0
1217,0,0,2,0
1324,0,0,5,0
1824,0,0,1,0
1232,0,1,2,0
1628,1,0,3,4
1284,5,1,3,5
205,1,0,3,0
546,1,3,4,5
69,5,4,1,5
1064,5,5,2,5
900,1,0,1,0
797,1,0,5,0
1134,4,5,5,5
738,1,4,4,4
103,4,4,3,4
435,1,1,2,0
75,4,1,4,5
1674,1,0,2,0
1125,1,0,5,0
1518,1,0,3,4
236,4,3,3,4
1112,3,1,2,3
118,1,1,1,0
1504,3,0,2,3
1356,5,4,3,5
95,3,1,3,4
1367,1,4,2,5
1563,4,2,5,4
1746,3,4,3,3
1,1,4,5,4
1282,1,3,4,4
1102,1,0,3,0
83,5,1,5,5
1203,4,1,5,5
677,5,4,2,5
1663,2,2,2,2
1138,1,1,5,4
1487,5,4,4,5
1481,3,3,3,3
1792,5,3,2,5
405,1,0,2,4
1616,3,1,3,3
1211,3,4,5,4
105,5,5,4,5
689,3,4,3,4
827,3,0,5,0
63,5,1,5,5
853,5,3,1,5
1413,2,4,5,4
224,5,3,3,5
146,5,4,2,5
1089,4,0,5,4
374,4,3,2,3
1482,3,2,2,4
1499,5,4,3,5
10,4,4,2,4
450,1,0,2,0
709,1,4,5,4
256,2,1,5,0
883,0,4,4,0
390,4,4,5,4
909,0,0,2,0
925,0,0,5,0
1596,2,0,3,2
1741,0,0,2,0
461,0,0,5,0
1186,0,0,2,0
959,0,2,5,0
502,5,4,2,5
740,2,4,5,0
1760,0,1,1,0
869,0,0,5,0
732,0,1,5,0
540,0,0,6,0
698,0,0,4,0
1804,4,2,2,3
1650,0,0,1,0
1146,4,1,2,3
1032,3,4,3,5
373,0,0,0,0
668,2,2,2,2
1428,0,2,6,0
358,3,4,4,3
968,0,0,2,0
784,0,2,2,0
736,4,1,4,3
971,2,3,3,3
1615,3,1,4,3
1506,1,0,4,0
1426,4,3,5,5
1393,0,0,2,0
1783,3,3,2,3
1607,0,0,3,0
80,2,2,5,0
1173,1,4,5,3
815,2,5,2,4
1542,0,4,3,0
58,0,0,3,0
134,4,1,5,4
1141,0,0,6,0
1577,4,4,3,5
505,1,4,4,4
348,0,0,4,0
387,0,0,2,0
1025,2,0,3,0
829,4,4,3,3
1394,0,0,2,0
1302,0,0,6,0
173,0,1,5,0
1150,1,1,5,0
39,2,0,6,0
714,0,3,3,4
91,2,0,5,0
1805,0,0,2,0
1259,1,1,1,0
1270,1,0,0,0
1825,0,0,5,0
500,0,1,1,0
1189,1,0,2,0
946,0,0,5,0
170,0,0,5,0
1352,2,0,3,4
1033,2,1,2,0
588,0,0,5,0
751,0,0,3,0
658,0,1,2,0
1528,0,0,2,0
1157,0,0,2,0
1210,2,4,3,3
1066,0,0,5,0
109,6,0,4,0
1049,2,0,6,0
1567,2,0,2,0
1752,6,2,2,4
192,6,0,3,0
1036,5,4,2,5
886,3,0,3,4
672,3,4,3,3
1434,3,1,5,4
934,3,4,5,5
824,5,5,5,5
1658,5,4,1,5
895,3,1,5,5
1765,4,3,5,3
476,5,4,2,5
653,5,4,3,5
876,3,4,5,4
1094,4,1,2,5
1156,5,5,3,5
339,5,5,5,5
29,1,1,2,4
1234,1,3,5,3
1700,5,1,1,5
1198,4,1,2,4
913,5,5,2,5
492,4,4,5,5
954,1,0,2,4
1098,1,4,3,5
235,1,0,3,0
733,3,1,4,5
1477,1,4,5,5
1524,3,0,5,4
935,1,0,2,0
1443,1,4,3,4
569,0,0,5,0
1168,4,4,4,5
1175,0,0,5,0
891,1,4,4,4
948,1,0,2,0
1260,1,1,2,0
1335,4,4,1,5
1619,0,0,2,0
885,0,2,6,0
851,0,0,4,0
735,4,3,5,5
718,0,0,5,0
455,4,4,3,4
265,5,4,2,5
76,1,1,5,5
1553,5,0,2,0
445,0,1,4,0
396,0,0,5,0
177,2,0,2,0
1043,1,1,5,3
1624,4,1,5,5
1306,2,2,2,2
1286,5,5,5,5
596,2,1,5,4
62,4,5,2,5
873,1,1,6,0
1392,0,0,2,0
279,4,4,5,4
37,1,4,2,3
1418,0,0,5,0
663,5,3,5,5
1687,4,4,2,4
1348,2,0,2,4
978,0,0,5,0
1472,2,0,4,4
739,2,2,2,2
920,4,3,3,4
457,0,0,2,0
676,1,3,4,4
761,0,0,6,0
1848,1,4,3,3
729,1,0,3,0
413,1,0,0,0
1099,0,0,3,0
826,2,2,5,2
1511,0,1,1,0
617,2,3,1,4
115,5,5,4,5
418,0,2,5,1
1780,0,0,5,0
970,3,4,3,4
605,2,3,4,3
1787,2,0,6,0
90,5,5,5,5
849,4,3,4,5
1422,2,0,5,0
1786,1,3,1,3
754,3,4,3,4
499,3,3,2,3
1277,1,1,5,3
12,2,2,2,0
397,0,0,2,0
285,0,0,4,0
1067,1,4,5,5
1192,0,0,2,0
1631,0,4,6,0
691,2,4,4,0
1758,0,0,5,0
690,2,2,2,2
852,0,0,5,0
160,0,0,5,0
896,2,0,2,0
1476,1,1,1,0
258,0,0,5,0
336,0,0,6,0
1753,0,1,5,0
1040,1,0,5,4
516,4,5,4,5
1016,4,4,2,4
1633,0,0,1,0
1204,3,4,5,3
1371,4,0,3,3
522,0,4,6,3
23,0,0,5,0
357,1,0,2,0
1278,0,2,2,2
1313,2,0,6,0
1576,1,0,5,0
341,2,0,6,0
432,6,0,2,0
1228,0,0,4,0
1495,0,0,2,0
1012,0,0,2,0
94,0,4,2,4
1071,0,0,5,0
1093,0,1,3,4
1309,0,0,4,0
697,3,1,3,4
154,0,0,5,0
1213,3,5,2,3
921,6,0,5,0
1128,6,0,6,0
1527,5,1,4,5
769,5,3,4,5
762,5,3,3,5
1247,5,3,5,4
1850,4,1,4,3
474,2,0,2,0
218,1,0,2,0
912,4,1,5,4
1816,4,4,3,4
1009,4,1,2,3
1708,1,4,5,4
1675,1,5,4,5
997,1,0,4,0
1100,0,1,5,0
1610,4,2,3,2
1864,1,4,4,5
790,0,0,6,4
581,5,4,4,3
704,4,5,5,4
1296,0,0,4,0
1561,5,1,5,3
1261,4,0,1,4
488,0,0,6,0
560,1,4,3,5
1142,0,0,2,0
1120,0,0,4,0
802,0,0,5,0
513,2,2,4,0
634,0,1,4,0
1381,5,4,4,5
1670,2,0,6,0
1151,1,4,4,5
791,5,1,5,5
117,4,5,5,5
741,2,0,6,0
1583,1,0,2,0
1082,0,0,6,0
831,0,0,5,0
120,2,1,1,0
657,2,0,4,0
1777,0,0,2,4
636,2,1,6,0
370,0,4,5,3
269,2,0,1,0
656,1,0,6,0
936,1,4,3,4
823,4,3,5,3
867,4,4,3,3
47,0,0,4,0
1374,0,0,4,0
1600,1,0,2,4
992,3,4,2,3
877,5,1,3,4
774,0,0,4,0
1220,2,2,6,0
1866,0,2,3,4
5,1,0,4,0
1004,2,3,4,3
1613,4,3,2,4
264,0,0,4,0
1470,2,1,5,2
1709,1,4,1,3
444,1,0,3,4
1003,0,0,4,0
1078,0,0,2,0
838,0,0,4,0
1673,1,3,1,3
305,1,3,3,4
1366,1,0,6,0
1458,1,1,3,3
314,0,0,5,0
150,4,4,4,4
1149,2,2,5,2
1214,0,0,4,0
575,4,4,2,3
51,1,3,3,3
1453,1,3,2,4
727,0,2,2,1
834,3,4,2,3
1378,4,4,3,3
1116,3,1,5,4
1167,2,2,6,4
471,1,1,4,3
972,4,4,4,3
654,3,1,5,5
400,1,4,2,3
512,3,4,5,5
321,3,5,4,3
20,0,0,5,0
685,2,0,6,0
36,2,2,2,0
903,1,0,2,0
828,4,1,1,3
1678,3,1,4,5
408,0,0,6,0
538,0,0,2,0
759,0,0,4,0
1063,1,1,3,1
1200,1,1,3,4
246,0,2,4,0
1417,0,0,5,0
785,3,4,4,4
490,1,2,6,0
155,0,0,5,0
962,5,3,2,5
854,3,4,3,3
1312,1,4,2,4
686,3,3,5,4
570,5,4,4,5
1778,0,0,6,2
18,5,4,4,5
128,5,5,2,5
1347,2,0,4,0
1280,0,0,4,4
981,0,2,6,0
1831,0,0,4,4
191,0,0,2,0
1140,0,4,2,3
1552,0,0,6,0
607,0,0,3,0
1588,3,4,1,4
17,3,1,4,5
1073,5,3,3,5
547,5,4,2,3
1755,5,1,3,5
798,3,1,3,3
1389,3,0,4,3
1761,6,0,4,0
641,6,0,4,3
955,6,0,2,0
1629,4,5,3,3
626,1,0,6,0
1462,1,4,6,4
1835,4,1,6,1
928,4,4,3,5
993,2,0,4,0
1822,4,1,4,3
181,0,0,5,0
302,1,0,6,0
497,2,2,4,4
1601,0,1,5,0
1557,1,1,6,3
1630,0,0,6,0
518,4,3,4,3
1851,1,4,5,4
1070,4,3,2,4
477,1,1,2,4
158,1,0,6,0
1244,1,1,5,5
1196,0,0,4,0
1838,4,4,4,4
659,0,0,6,0
1522,0,0,6,0
1020,4,0,5,4
1558,0,0,3,0
960,1,1,6,3
284,2,2,6,0
1736,2,2,6,2
226,0,0,1,0
27,4,4,3,4
1654,1,0,5,0
438,2,3,2,4
1815,0,0,5,0
230,0,0,2,0
38,5,4,3,5
750,0,0,6,0
1046,3,4,5,4
1399,1,0,5,0
470,0,0,2,1
1828,0,0,5,0
1834,0,0,1,0
688,4,4,4,4
1720,1,0,5,0
640,2,0,6,0
1604,5,0,2,0
1219,1,0,4,0
1159,1,3,5,4
1416,3,4,3,3
1551,2,2,1,2
1301,0,0,6,0
1702,1,0,2,0
801,0,0,5,0
161,2,0,6,4
957,4,3,2,3
1187,3,4,2,3
822,4,0,5,4
1575,1,0,4,0
878,4,3,5,1
914,3,4,3,4
153,0,1,6,0
1714,2,0,5,0
1660,3,5,1,4
510,4,1,3,3
1136,3,1,3,5
1251,1,0,2,0
1559,4,3,4,3
104,0,0,5,0
1446,1,3,3,4
1444,3,3,3,3
587,5,5,3,5
1652,2,0,1,0
1144,5,1,2,5
54,0,0,2,0
152,5,5,4,5
404,5,3,3,5
1810,0,0,2,0
208,2,2,5,2
1767,3,3,2,0
1123,1,0,6,0
1636,4,3,3,3
9,2,0,3,0
1015,5,1,3,5
1677,5,5,4,5
1061,1,1,2,0
453,0,0,2,0
1328,0,0,6,0
897,0,4,6,4
881,3,1,4,3
624,5,1,3,5
1595,5,4,4,5
1322,2,2,4,2
1439,1,0,6,0
151,1,3,3,5
473,1,0,2,4
1849,5,4,2,5
1756,0,0,5,0
489,1,0,6,0
1692,5,1,3,5
1172,0,4,2,0
147,0,0,5,0
1797,2,4,6,4
403,3,4,2,4
1763,0,1,5,0
660,1,3,6,4
1373,0,1,6,0
464,1,1,1,0
1350,2,0,6,0
187,0,0,2,0
1148,2,4,5,0
1225,3,4,5,3
609,1,3,3,3
752,0,4,3,0
1535,5,5,4,5
280,0,0,2,0
1703,0,2,6,4
203,0,0,6,0
247,0,0,4,0
1427,6,3,5,3
1643,5,0,6,0
642,3,4,3,3
2,0,0,2,0
113,6,4,6,4
699,0,0,6,0
1784,0,0,6,1
1635,3,4,2,4
1411,3,4,4,4
1534,0,0,2,0
1689,5,1,5,5
1258,5,4,3,5
398,6,0,4,0
254,4,5,3,4
1622,4,3,4,3
346,4,1,4,4
263,4,4,3,5
551,4,0,2,4
929,4,4,3,3
1597,4,0,6,0
144,1,1,5,5
982,4,3,6,3
198,1,0,6,0
884,4,4,3,3
294,2,2,1,2
401,4,1,2,4
123,4,3,1,5
1208,4,0,5,4
1463,4,0,2,0
836,1,3,3,3
1440,1,4,4,4
1773,4,2,3,4
1754,1,1,4,3
1154,1,1,5,0
385,2,0,5,0
855,1,0,2,0
1590,2,1,6,0
220,2,0,6,0
952,2,0,6,1
1410,1,1,3,4
1292,2,0,5,0
442,1,0,0,0
1521,3,4,3,4
1137,0,0,4,0
1257,0,0,4,0
1739,1,4,3,3
1632,3,1,2,5
1398,0,0,6,0
664,0,2,6,0
1713,1,0,2,0
1657,5,5,4,5
318,0,3,3,4
649,2,3,5,0
1435,1,4,3,4
1480,0,0,5,2
710,1,0,5,0
1383,5,1,2,5
1283,1,4,5,4
973,0,0,1,0
628,0,0,5,0
633,1,3,6,3
1307,0,0,5,0
1401,0,0,2,0
1409,5,5,1,5
1249,0,0,6,0
1819,0,0,5,0
1255,1,1,3,3
1497,0,0,6,0
1372,0,1,5,0
1530,3,2,6,2
1355,0,0,5,2
1794,5,3,2,5
1772,0,0,6,0
1644,5,4,4,3
1860,2,0,2,1
796,0,2,6,0
646,3,1,3,3
1013,0,0,5,0
1716,3,0,2,4
557,1,0,6,0
682,0,0,2,2
578,0,0,6,0
1110,0,0,6,0
1267,4,4,1,4
1184,1,3,3,5
525,0,0,6,0
1060,1,1,2,0
541,2,2,1,0
1195,4,4,6,4
1679,2,2,5,2
749,4,0,2,4
1728,2,2,2,0
485,2,0,4,1
96,0,0,2,0
1021,2,0,6,0
564,1,0,4,0
1265,2,0,6,0
743,2,0,6,0
864,3,4,4,5
1599,0,0,2,0
1485,0,0,5,0
892,0,0,6,0
1578,5,1,2,5
1039,0,0,4,0
207,1,0,3,4
393,2,0,2,0
795,5,4,5,5
767,0,0,5,0
1718,0,0,5,0
1242,3,4,3,4
1029,0,0,6,0
643,1,1,2,5
961,0,0,1,0
726,3,4,5,5
684,1,0,6,0
99,5,1,5,5
1598,1,0,2,4
407,1,0,5,0
503,0,0,2,0
1072,3,4,5,5
1057,0,0,5,0
930,5,5,5,5
1052,1,5,4,5
41,1,1,4,3
1018,6,1,2,3
231,0,0,5,4
1514,0,1,5,0
379,3,1,2,4
289,3,4,0,5
1699,3,4,5,3
593,5,3,5,5
1523,3,1,3,4
1163,0,0,2,0
1087,0,4,4,4
1496,5,0,2,0
648,0,0,2,0
217,5,3,4,3
338,3,4,4,3
296,5,4,5,5
1726,5,4,4,5
1486,6,0,5,3
202,5,4,2,5
1026,5,3,2,5
1431,4,1,2,3
871,4,5,4,4
1764,2,0,5,0
613,4,3,6,2
1571,2,0,2,0
805,4,4,5,4
780,4,3,3,3
201,4,3,2,4
135,2,0,2,3
419,1,1,1,0
392,2,4,2,4
1153,4,1,3,1
1368,1,1,2,4
521,4,1,5,5
65,0,0,5,0
15,1,1,5,0
1181,0,2,6,0
1065,1,1,3,5
493,0,1,2,0
380,1,3,3,4
188,2,0,2,0
764,4,5,4,5
792,0,0,2,0
1077,1,0,2,0
879,0,0,4,0
720,0,0,5,2
1749,0,0,4,0
1017,3,1,1,3
1276,1,0,5,0
1751,3,1,2,4
456,1,5,5,4
1863,2,0,2,0
816,3,1,4,3
270,6,4,1,4
996,3,0,2,4
162,3,3,5,4
1580,1,4,4,4
730,2,4,5,4
402,1,1,2,4
703,1,0,6,0
1501,0,1,5,0
1130,0,0,4,0
566,2,0,2,0
1414,3,1,2,4
1022,3,0,6,4
1412,5,1,3,5
1586,2,0,5,0
1105,3,5,5,4
206,1,3,2,1
35,2,0,4,0
776,1,1,3,3
509,5,1,5,5
1452,0,2,4,0
1479,0,0,6,0
1837,0,0,5,0
1391,5,4,5,3
92,1,0,2,0
1364,0,0,0,0
898,0,0,2,0
565,5,3,2,5
1370,0,0,6,0
777,5,5,5,5
242,5,3,3,5
14,0,4,1,3
316,2,0,4,0
601,3,5,5,5
388,1,0,3,0
1298,0,0,2,0
167,1,0,4,0
841,0,0,5,0
21,2,2,2,2
647,5,4,5,5
1509,3,1,3,4
1155,4,2,4,4
1529,5,1,5,5
832,4,4,5,4
1268,0,0,5,0
1591,0,0,1,0
563,0,2,6,0
1818,0,0,2,0
687,1,0,5,0
958,5,1,4,5
190,4,3,3,4
1807,2,1,2,0
976,1,0,3,0
700,0,1,2,0
1500,1,4,3,3
1706,0,0,2,0
511,0,0,6,0
1083,0,0,6,0
475,1,4,5,4
1585,2,2,5,3
857,2,2,4,0
748,1,0,2,0
253,0,1,2,0
22,0,0,4,2
1338,0,0,1,0
460,5,4,5,5
1185,3,0,6,0
277,0,0,4,0
956,1,1,4,4
1216,2,0,5,0
386,0,1,5,3
806,1,0,5,0
1438,4,4,3,4
1516,0,0,4,0
344,0,0,6,0
770,0,2,2,0
1333,5,1,5,5
1686,5,1,4,5
131,1,1,5,4
1688,5,4,2,5
872,0,1,4,0
1124,0,0,4,0
1397,0,0,4,0
88,5,3,2,5
1483,3,3,4,3
331,3,4,3,4
1239,4,4,3,3
467,1,3,2,4
122,0,0,5,0
1639,6,1,3,4
1045,3,2,5,4
1725,5,3,2,5
1096,4,4,3,3
1131,1,0,2,4
1295,1,0,6,0
861,4,4,5,4
1460,5,4,4,5
1127,4,1,3,4
