,KNN_1,KNN_2,KNN_3,KNN_4,KNN_5,KNN_6,KNN_7,QDA_1,QDA_2,QDA_3,QDA_4,QDA_5,QDA_6,QDA_7,LR_1,LR_2,LR_3,LR_4,LR_5,LR_6,LR_7,RF_1,RF_2,RF_3,RF_4,RF_5,RF_6,RF_7,SVC_1,SVC_2,SVC_3,SVC_4,SVC_5,SVC_6,SVC_7,LDA_1,LDA_2,LDA_3,LDA_4,LDA_5,LDA_6,LDA_7
0,39,0,1,0,17,0,0,39,0,1,0,17,0,0,1,0,0,2,0,0,0,23,0,1,0,13,0,0,19,0,1,0,10,0,0,38,12,1,10,17,1,0
1,0,26,0,11,0,0,2,0,26,0,14,0,0,2,1,15,0,4,0,0,2,2,19,0,9,0,0,1,0,10,0,2,0,0,0,1,15,0,4,0,0,2
2,0,0,13,0,0,8,0,0,0,16,0,0,14,0,0,0,4,0,0,3,0,0,0,10,0,0,6,0,0,0,11,0,0,4,0,0,0,8,0,0,3,0
3,0,0,0,3,0,0,0,0,0,0,0,0,0,0,8,5,0,3,4,0,0,0,8,0,4,0,0,1,0,12,0,7,0,0,0,0,0,0,0,0,0,0
4,0,0,0,0,0,0,0,0,0,0,0,0,0,0,21,0,0,4,10,1,0,14,0,0,0,4,0,0,20,0,0,0,7,0,0,0,0,0,0,0,0,0
5,0,1,3,0,0,7,0,0,1,0,0,0,1,0,0,0,12,0,0,11,0,0,0,6,0,0,9,0,0,1,5,0,0,11,0,0,0,8,0,0,11,0
6,0,0,0,0,0,0,0,0,0,0,0,0,0,0,8,7,1,1,3,0,0,0,0,0,1,0,0,0,0,4,0,5,0,0,2,0,0,0,0,0,0,0
7,39,0,0,0,17,1,0,39,0,0,0,17,1,0,0,1,0,1,2,0,0,29,0,0,0,14,1,0,27,0,0,0,9,1,0,36,13,0,12,17,4,2
8,0,20,0,9,0,0,2,0,25,0,14,0,0,2,9,6,0,5,1,0,0,0,20,0,7,0,0,2,0,5,0,5,0,0,0,3,14,0,2,0,0,0
9,0,0,12,0,0,4,0,0,0,13,0,0,4,0,0,0,9,0,0,4,0,0,0,11,0,0,7,0,0,0,11,0,0,4,0,0,0,11,0,0,4,0
10,0,6,0,5,0,0,0,0,0,0,0,0,0,0,3,5,0,3,6,0,1,0,7,0,6,0,0,0,0,15,0,6,0,0,0,0,0,0,0,0,0,0
11,0,0,0,0,0,0,0,0,0,0,0,0,0,0,24,1,0,4,8,4,1,10,0,0,0,3,0,0,12,0,0,0,8,0,0,0,0,0,0,0,0,0
12,0,1,5,0,0,10,0,0,2,4,0,0,10,0,0,0,8,0,0,7,0,0,0,6,0,0,7,0,0,1,6,0,0,10,0,0,0,6,0,0,7,0
13,0,0,0,0,0,0,0,0,0,0,0,0,0,0,3,14,0,1,0,0,0,0,0,0,1,0,0,0,0,6,0,3,0,0,2,0,0,0,0,0,0,0
14,39,1,0,1,17,0,0,39,1,0,1,17,0,0,3,1,0,2,3,0,0,29,1,0,1,12,0,0,26,1,0,0,10,0,0,37,16,0,12,16,3,2
15,0,26,0,10,0,0,2,0,25,0,13,0,0,2,2,11,0,2,1,0,0,1,20,0,8,0,0,2,0,11,0,1,0,0,0,2,11,0,2,1,0,0
16,0,0,12,0,0,4,0,0,0,17,0,0,13,0,1,0,3,0,0,2,0,0,0,14,0,0,8,0,0,0,10,0,0,5,0,0,0,5,0,0,3,0
17,0,0,0,3,0,0,0,0,0,0,0,0,0,0,6,7,0,0,4,0,2,0,6,0,3,0,0,0,0,10,0,10,0,0,1,0,0,0,0,0,0,0
18,0,0,0,0,0,0,0,0,0,0,0,0,0,0,20,2,0,6,8,3,0,9,0,0,0,4,0,0,13,0,0,1,7,0,0,0,0,0,0,0,0,0
19,0,0,5,0,0,11,0,0,1,0,0,0,2,0,0,0,14,0,0,10,0,0,0,3,0,1,7,0,0,0,7,0,0,10,0,0,0,12,0,0,9,0
20,0,0,0,0,0,0,0,0,0,0,0,0,0,0,7,6,0,4,1,0,0,0,0,0,2,0,0,0,0,5,0,2,0,0,1,0,0,0,0,0,0,0
21,39,2,2,2,17,0,0,39,2,2,2,17,0,0,3,0,0,0,3,0,0,30,1,1,0,9,0,0,28,2,2,2,12,0,0,35,10,2,9,17,0,2
22,0,23,0,10,0,0,3,0,24,0,12,0,0,3,4,17,0,7,0,0,1,0,14,0,5,2,0,2,0,5,0,0,0,0,0,4,16,0,5,0,0,1
23,0,0,11,0,0,12,0,0,0,15,0,0,15,0,0,0,7,0,0,2,0,0,0,9,1,0,9,0,0,0,11,0,0,10,0,0,0,7,0,0,5,0
24,0,1,0,2,0,0,0,0,0,0,0,0,0,0,4,1,0,1,9,0,1,0,8,0,4,0,0,1,0,13,0,8,0,0,0,0,0,0,0,0,0,0
25,0,0,0,0,0,0,0,0,0,0,0,0,0,0,22,4,1,5,3,0,0,9,1,1,1,6,0,0,11,0,0,0,5,0,0,0,0,0,0,0,0,0
26,0,0,4,0,0,3,0,0,0,0,0,0,0,0,0,0,8,0,0,13,0,0,0,6,0,0,6,0,0,0,4,0,0,5,0,0,0,8,0,0,10,0
27,0,0,0,0,0,0,0,0,0,0,0,0,0,0,6,4,1,1,2,0,1,0,2,0,3,0,0,0,0,6,0,4,0,0,3,0,0,0,0,0,0,0
28,39,2,1,0,17,0,1,39,2,1,0,17,0,0,4,0,0,0,1,0,0,26,1,0,0,12,0,0,29,2,0,0,10,0,0,35,8,1,11,17,1,1
29,0,21,0,10,0,0,2,0,23,0,14,0,0,3,5,19,0,6,0,0,3,1,15,0,8,0,0,1,0,7,0,2,0,0,0,4,18,0,3,0,0,2
30,0,0,9,0,0,4,0,0,0,16,0,0,15,0,0,0,9,0,0,2,0,1,0,6,0,0,6,0,0,0,8,0,0,3,0,0,0,12,0,0,5,0
31,0,2,0,4,0,0,0,0,0,0,0,0,0,0,6,2,0,0,5,0,0,1,9,0,6,0,0,1,0,6,0,8,0,0,0,0,0,0,0,0,0,0
32,0,0,0,0,0,0,0,0,0,0,0,0,0,0,19,3,1,4,10,1,0,9,1,1,0,5,0,0,10,0,1,0,7,0,0,0,0,0,0,0,0,0
33,0,1,7,0,0,11,0,0,1,0,0,0,0,0,0,0,7,0,0,12,0,1,0,10,0,0,9,0,0,1,8,0,0,12,0,0,0,4,0,0,9,0
34,0,0,0,0,0,0,0,0,0,0,0,0,0,0,5,2,0,4,1,0,0,0,0,0,0,0,0,1,0,10,0,4,0,0,3,0,0,0,0,0,0,0
35,39,1,0,0,17,1,1,39,1,0,0,17,1,1,2,0,0,1,2,0,0,28,1,0,0,10,0,1,27,1,0,0,7,0,1,35,13,0,10,17,2,2
36,0,22,0,9,0,0,2,0,24,0,14,0,0,2,3,13,0,4,0,0,1,1,17,0,13,0,0,2,0,6,0,0,0,0,0,3,13,0,4,0,0,1
37,0,0,12,0,0,7,0,0,0,11,0,0,6,0,1,0,8,0,0,3,0,0,0,15,0,1,9,0,0,0,11,0,0,6,0,1,0,11,0,0,3,0
38,0,3,0,5,0,0,0,0,0,0,0,0,0,0,5,3,0,2,6,0,0,0,7,0,0,0,0,0,0,5,0,6,0,0,1,0,0,0,0,0,0,0
39,0,0,0,0,0,0,0,0,0,0,0,0,0,0,19,4,0,5,7,2,1,9,0,0,0,6,1,0,12,0,0,0,10,1,0,0,0,0,0,0,0,0
40,0,0,5,0,0,7,0,0,1,6,0,0,8,0,0,0,9,0,0,10,0,1,0,2,0,0,5,0,0,0,6,0,0,8,0,0,0,6,0,0,10,0
41,0,0,0,0,0,0,0,0,0,0,0,0,0,0,9,6,0,2,2,0,1,0,1,0,1,0,0,0,0,14,0,8,0,0,1,0,0,0,0,0,0,0
42,38,3,0,0,16,0,0,38,3,0,0,16,0,0,1,0,0,0,3,0,0,28,1,0,0,13,0,0,25,4,6,0,0,0,1,33,16,0,8,16,3,2
43,0,22,0,11,0,0,3,0,24,0,14,0,0,3,3,12,0,6,0,0,1,0,17,0,8,0,0,1,1,0,0,0,0,0,0,3,11,0,6,0,0,1
44,0,0,11,0,0,8,0,0,0,16,0,0,14,0,2,0,8,0,0,0,0,1,0,9,0,0,9,0,0,4,10,0,0,0,1,2,0,9,0,0,4,0
45,0,2,0,3,0,0,0,0,0,0,0,0,0,0,2,3,0,2,6,0,0,0,5,0,5,0,0,1,1,4,0,5,4,0,0,0,0,0,0,0,0,0
46,0,0,0,0,0,0,0,0,0,0,0,0,0,0,17,8,0,5,7,3,0,9,2,0,0,3,0,0,0,7,0,7,9,0,0,0,0,0,0,0,0,0
47,0,0,5,0,0,8,0,0,0,0,0,0,2,0,0,0,8,0,0,13,0,0,0,7,0,0,7,0,0,2,0,0,1,16,0,0,0,7,0,0,9,0
48,0,0,0,0,0,0,0,0,0,0,0,0,0,0,13,4,0,1,0,0,2,0,2,0,1,0,0,1,11,6,0,2,2,0,1,0,0,0,0,0,0,0
49,38,0,0,0,16,2,0,38,0,0,0,16,2,0,3,0,0,0,1,0,0,24,0,0,0,10,1,0,25,0,0,0,8,2,0,32,7,0,10,16,2,1
50,0,21,0,12,0,0,2,0,27,0,14,0,0,3,4,3,0,2,1,1,0,0,13,0,10,1,0,2,0,7,0,4,0,0,0,5,20,0,4,0,0,2
51,0,0,13,0,0,11,0,0,0,5,0,0,0,0,2,0,5,0,0,1,0,0,0,12,0,0,6,0,0,0,10,0,0,5,0,1,0,9,0,0,3,0
52,0,6,0,2,0,0,1,0,0,0,0,0,0,0,5,2,0,2,7,0,1,1,10,0,3,0,0,1,0,6,0,5,0,0,1,0,0,0,0,0,0,0
53,0,0,0,0,0,0,0,0,0,0,0,0,0,0,17,2,0,5,6,0,0,13,0,0,0,5,1,0,13,0,0,0,8,0,0,0,0,0,0,0,0,0
54,0,0,3,0,0,3,0,0,0,11,0,0,14,0,0,0,11,0,0,13,0,0,0,4,0,0,8,0,0,0,6,0,0,9,0,0,0,7,0,0,11,0
55,0,0,0,0,0,0,0,0,0,0,0,0,0,0,7,20,0,5,1,1,2,0,4,0,1,0,0,0,0,14,0,5,0,0,2,0,0,0,0,0,0,0
56,38,0,0,0,17,1,0,38,0,0,0,17,1,0,5,0,0,2,1,0,0,30,0,0,0,14,1,0,23,4,4,1,2,1,0,34,12,0,10,17,1,2
57,0,25,0,12,0,0,2,0,27,0,14,0,0,2,7,7,0,1,2,1,0,1,21,0,9,0,0,1,0,3,0,0,0,0,0,3,15,0,4,0,0,0
58,0,0,12,0,0,6,0,0,0,14,0,0,7,0,1,0,10,0,1,0,0,0,0,10,0,0,8,0,5,4,12,0,0,0,0,1,0,14,0,0,5,0
59,0,2,0,2,0,0,0,0,0,0,0,0,0,0,10,5,0,3,6,0,2,1,4,0,4,0,0,1,2,7,0,5,6,0,0,0,0,0,0,0,0,0
60,0,0,0,0,0,0,0,0,0,0,0,0,0,0,12,0,0,4,7,0,0,6,0,0,0,3,0,0,0,5,0,5,7,0,0,0,0,0,0,0,0,0
61,0,0,4,0,0,9,0,0,0,2,0,0,8,0,0,0,6,0,0,15,0,0,0,6,0,0,7,0,0,2,0,0,0,15,0,0,0,2,0,0,10,0
62,0,0,0,0,0,0,0,0,0,0,0,0,0,0,3,15,0,4,0,0,0,0,2,0,1,0,0,0,8,2,0,3,2,0,2,0,0,0,0,0,0,0
63,38,1,1,0,17,0,0,38,1,1,0,17,0,0,2,1,0,0,5,0,1,25,1,1,0,14,0,0,23,7,3,3,0,0,0,36,13,1,9,17,0,2
64,0,24,0,13,0,0,2,0,26,0,14,0,0,2,8,8,0,2,4,0,0,0,15,0,12,0,0,0,1,2,1,0,0,0,0,1,14,0,5,0,0,0
65,0,0,14,0,0,10,0,0,0,15,0,0,16,0,1,0,5,0,0,2,0,0,0,12,0,0,5,0,4,2,11,0,0,0,0,1,0,14,0,0,5,0
66,0,2,0,1,0,0,0,0,0,0,0,0,0,0,6,4,0,1,3,0,1,0,10,0,1,0,0,2,2,9,0,8,7,0,0,0,0,0,0,0,0,0
67,0,0,0,0,0,0,0,0,0,0,0,0,0,0,20,0,1,7,5,0,0,11,0,0,0,3,0,0,0,3,0,2,7,0,0,0,0,0,0,0,0,0
68,0,0,1,0,0,6,0,0,0,0,0,0,0,0,0,0,10,0,0,14,0,2,0,3,0,0,11,0,0,1,0,0,1,16,0,0,0,1,0,0,11,0
69,0,0,0,0,0,0,0,0,0,0,0,0,0,0,1,14,0,4,0,0,0,0,1,0,1,0,0,0,8,3,1,1,2,0,2,0,0,0,0,0,0,0
