,y_val,KNN_pred,QDA_pred,LR_pred,RF_pred,SVC_pred,LDA_pred
1377,0,0,0,4,0,0,0
209,2,5,2,5,2,5,5
1310,0,0,0,6,4,4,0
1461,2,2,2,5,2,5,5
59,2,2,2,5,2,2,5
1694,0,0,0,0,0,4,0
1478,0,0,0,4,0,0,0
364,5,5,2,5,2,5,5
1164,0,0,0,1,4,4,1
594,0,0,0,4,1,0,0
1050,1,1,1,1,1,1,1
1776,1,6,1,1,3,6,1
1139,0,0,0,3,0,4,0
742,2,2,2,5,2,2,5
1359,0,0,0,4,4,4,0
1757,1,1,1,6,1,3,0
119,0,2,0,6,0,0,0
1169,0,0,0,4,4,0,0
675,0,4,0,4,0,4,0
523,5,5,2,5,2,5,5
514,1,3,1,6,3,6,0
82,2,5,2,5,5,5,5
1081,0,4,0,4,0,0,0
893,1,1,1,6,3,1,0
381,1,1,1,6,1,1,0
1581,1,1,1,3,3,1,0
85,0,0,0,6,0,4,0
1711,1,1,1,1,1,3,1
330,2,2,2,5,2,2,2
977,0,4,0,4,0,0,0
1384,2,2,2,5,2,5,2
1038,0,0,0,4,0,0,0
967,0,0,0,4,4,4,0
1844,1,1,1,3,1,3,0
452,0,0,0,3,4,0,0
491,0,0,0,4,0,4,0
1649,2,2,2,2,2,5,2
288,0,0,0,4,0,4,0
803,1,1,1,1,3,3,1
1852,1,1,1,6,3,3,0
1275,0,4,0,4,0,0,0
1171,0,4,0,6,4,0,0
875,1,3,1,3,6,3,0
1362,0,0,0,4,0,4,0
775,2,2,2,5,2,2,2
811,0,0,0,4,1,0,0
1011,2,2,2,5,2,2,5
1546,2,5,2,5,5,2,5
328,1,1,1,1,1,1,1
1611,0,0,0,3,0,0,0
713,0,0,0,6,4,0,0
1000,0,0,0,4,0,4,0
1019,1,1,1,1,3,3,1
1858,1,1,1,6,1,3,0
178,1,1,1,1,1,3,1
906,1,3,1,4,1,1,0
695,0,0,0,3,0,4,0
87,2,2,2,5,5,2,5
1336,1,1,1,1,1,6,1
1771,0,4,0,3,0,4,0
458,0,0,0,3,0,4,0
55,1,3,1,0,3,3,0
1404,5,2,2,5,2,2,5
222,0,4,0,3,0,4,0
114,1,1,1,3,1,3,0
860,0,4,0,3,0,0,0
1541,0,0,0,6,0,0,0
974,2,5,2,5,5,5,5
175,5,5,2,5,2,5,5
846,5,5,2,2,5,5,2
590,0,0,0,6,4,4,0
1865,0,4,0,4,0,0,0
19,1,1,1,1,1,3,1
424,1,3,1,0,1,3,0
1538,0,4,0,4,0,4,0
286,1,1,1,1,3,1,1
1484,0,4,0,6,0,0,0
429,5,5,2,2,5,5,2
1782,5,2,2,2,5,5,2
1240,0,4,0,3,0,0,0
32,1,1,1,3,1,1,0
825,0,4,0,4,0,4,0
1574,1,1,1,1,1,1,1
215,5,5,2,2,5,5,2
1254,5,5,5,4,5,5,0
327,5,1,5,6,1,5,0
561,0,4,0,4,4,4,0
1041,2,5,2,5,5,2,5
1492,0,0,0,4,0,0,0
1114,0,0,0,4,0,0,0
342,2,2,2,2,5,2,2
630,1,3,1,1,1,6,1
148,1,1,1,1,1,3,1
361,0,0,0,4,4,0,0
84,1,1,1,1,1,6,1
49,1,1,1,1,3,6,1
469,0,0,0,4,0,4,0
156,5,2,2,2,5,5,2
1331,2,2,2,5,2,2,5
1503,2,2,2,5,5,2,5
1126,0,4,0,4,4,0,0
1526,1,3,1,1,1,6,1
501,1,1,1,1,1,6,1
180,1,3,1,4,1,3,0
1218,2,2,2,5,5,2,2
901,0,0,0,6,4,4,0
693,1,3,1,1,1,6,1
773,0,0,0,3,0,0,0
1517,2,5,2,5,2,5,5
529,1,1,1,1,1,3,1
347,2,5,2,5,5,2,5
1293,3,3,1,1,3,3,1
1827,1,6,1,1,1,6,1
716,2,5,2,5,2,2,5
1053,1,1,1,6,3,1,0
887,0,4,0,6,0,0,0
950,0,0,0,4,0,4,0
1671,0,4,0,4,4,4,0
1424,0,0,0,4,0,4,0
313,0,0,0,3,0,4,0
436,1,1,1,3,1,1,0
661,0,0,0,3,0,0,0
1084,0,0,0,6,4,4,0
1117,0,0,0,6,4,0,0
297,3,3,1,4,1,3,0
1215,0,0,0,4,4,0,0
1520,0,0,0,4,4,0,0
768,3,3,1,3,1,3,0
210,0,0,0,4,0,0,0
1560,1,3,1,3,1,6,0
1475,1,3,1,4,3,1,0
602,5,5,5,4,2,5,0
244,2,2,2,5,2,2,2
786,2,2,2,2,2,2,2
1770,5,5,5,2,5,5,2
820,0,4,0,4,4,4,0
309,5,2,5,2,5,5,2
431,1,1,1,3,1,3,0
371,0,4,0,3,0,0,0
567,5,2,2,2,5,5,2
1829,2,2,2,2,2,2,2
182,1,1,1,1,3,3,0
622,1,1,1,3,3,3,0
723,5,5,5,5,2,5,5
835,5,5,5,5,5,5,5
1717,1,1,1,6,1,1,1
1862,0,4,0,3,0,0,0
462,2,2,2,2,2,2,2
1103,2,2,2,5,2,2,5
378,3,1,1,6,1,3,1
106,3,1,1,1,1,3,0
127,2,2,2,5,2,2,5
1059,0,4,0,4,0,0,0
966,1,1,5,3,1,1,0
356,0,4,0,4,0,0,0
1729,1,1,1,6,3,6,1
683,5,1,5,0,1,5,0
1101,2,5,2,5,5,2,5
1722,5,5,5,5,5,5,5
141,1,1,1,6,1,6,1
1341,3,1,1,1,3,3,0
1162,0,0,0,4,0,4,0
1290,0,0,0,1,0,0,0
1579,0,0,0,4,0,0,0
712,0,0,0,4,0,0,0
1183,0,4,0,4,0,4,0
1859,2,2,2,5,2,2,5
756,1,3,1,4,1,1,0
11,2,2,2,2,5,2,2
1587,0,0,0,4,0,0,0
1667,0,0,0,4,4,0,0
283,5,5,5,2,5,5,2
292,3,1,1,6,1,3,1
627,0,0,0,1,0,4,0
1437,5,5,5,4,2,5,0
758,0,4,0,0,4,4,0
130,2,5,2,5,2,2,5
1106,3,3,1,3,3,3,0
324,2,5,2,5,2,2,5
1014,1,1,1,6,1,3,1
744,0,4,0,4,0,0,0
844,1,3,1,3,3,6,0
1740,3,3,1,3,3,3,0
1327,5,5,5,4,5,5,0
1325,0,4,0,4,0,4,0
696,1,6,1,4,1,6,0
985,0,4,0,3,0,0,0
938,3,1,1,6,1,3,1
159,0,0,0,3,0,4,0
866,1,1,1,6,1,3,1
635,2,5,2,2,2,2,2
517,1,3,1,6,6,6,1
1332,1,3,1,4,1,1,0
598,5,2,5,2,5,5,2
196,0,0,0,1,0,4,0
1539,1,6,1,3,1,6,0
766,5,5,5,2,5,5,2
411,1,1,1,1,1,3,0
97,0,4,0,3,0,0,0
1531,1,3,1,1,1,1,0
1007,0,0,0,4,4,0,0
157,0,4,0,4,0,4,0
420,2,2,2,5,2,2,5
1513,0,4,0,3,0,4,0
478,0,0,0,3,4,0,0
916,3,3,1,1,3,3,0
669,2,2,5,2,2,5,2
1464,0,0,0,4,0,0,0
964,1,1,1,4,3,3,0
1212,0,4,0,3,4,4,0
448,0,5,0,4,0,0,0
1147,0,0,0,1,0,0,0
179,1,1,1,6,1,6,1
391,0,4,0,0,0,0,0
579,1,1,1,1,1,1,0
1395,0,0,0,4,4,0,0
1693,1,1,1,6,1,3,1
1540,3,1,1,6,1,3,1
1321,0,4,0,4,0,4,0
910,1,1,1,6,1,6,1
862,5,5,5,5,2,5,5
949,0,0,0,4,0,0,0
665,1,1,1,3,1,3,0
143,0,0,0,4,4,4,0
1419,0,0,0,1,0,0,0
1845,0,4,0,1,0,0,0
422,1,1,1,3,1,1,0
637,0,0,0,4,0,0,0
1311,1,1,1,6,3,6,1
1466,5,2,2,5,5,5,5
295,2,2,2,5,5,2,5
1774,0,0,0,4,0,0,0
89,5,2,5,2,2,5,2
42,2,2,2,5,2,2,2
1802,1,3,1,0,1,6,0
132,1,1,1,1,3,1,0
1582,1,1,1,6,1,6,1
986,0,0,0,6,0,4,1
1730,0,0,0,4,0,0,0
165,0,0,0,4,0,0,0
1853,1,3,1,1,1,1,0
779,3,3,1,4,3,3,0
349,0,0,0,4,0,4,0
1421,0,0,0,4,0,4,0
1661,3,3,1,1,3,3,1
1491,1,3,1,4,1,3,0
899,0,0,0,4,0,0,0
817,0,0,0,4,0,0,0
1732,0,0,0,4,4,0,0
1054,0,0,0,1,0,0,0
329,0,0,0,4,4,4,0
927,1,3,1,1,1,1,0
1621,0,0,0,6,0,4,1
650,0,0,0,4,0,0,0
259,0,0,0,4,4,4,0
139,0,0,0,1,0,0,0
1209,0,0,0,6,0,0,1
140,0,0,0,1,0,0,0
787,0,0,0,3,0,0,0
1609,0,0,0,4,4,4,0
1028,0,0,0,1,4,0,0
1179,0,0,0,4,0,0,0
1346,1,6,1,3,1,3,0
616,2,5,2,5,2,5,5
1493,0,4,0,4,4,0,0
1683,5,2,2,2,5,5,2
998,0,4,0,4,0,4,0
1655,1,1,1,6,1,3,0
725,5,5,2,2,5,5,2
291,0,4,0,3,4,0,0
1768,1,1,1,1,1,6,1
894,1,1,1,4,1,1,0
572,0,4,0,4,0,0,0
1759,1,1,1,1,3,1,1
1227,1,1,1,1,1,3,1
459,0,4,0,0,0,4,0
376,1,1,1,3,1,1,0
334,0,1,0,6,0,0,0
1738,1,1,1,3,1,1,0
1666,2,5,2,5,2,2,5
1361,2,2,2,5,2,2,5
1262,0,4,0,3,0,0,0
882,0,4,0,3,0,4,0
1079,5,5,2,5,5,5,5
1798,2,2,2,5,2,5,5
319,1,3,1,6,1,3,0
1432,1,1,1,1,1,3,1
1266,1,1,1,4,1,3,0
168,5,2,2,5,2,5,5
13,5,2,2,5,2,2,5
172,0,4,0,1,0,0,1
261,5,5,2,2,5,5,2
1537,1,6,1,3,1,6,0
1314,1,1,1,1,3,6,1
673,0,3,0,6,0,4,0
845,2,2,2,5,2,2,2
1119,2,2,2,5,2,2,5
1715,1,1,1,6,3,3,0
550,0,4,0,4,4,4,0
1727,5,2,2,2,5,5,2
1429,1,1,1,1,1,6,1
1104,1,1,1,6,1,1,0
559,1,3,1,4,1,3,0
1623,1,3,1,0,1,1,0
532,2,2,2,5,2,2,5
225,1,1,1,6,1,1,0
724,0,4,0,4,0,0,0
965,1,1,1,3,1,1,0
410,2,2,2,5,2,2,5
326,5,5,5,4,2,5,0
300,1,1,1,1,1,1,1
1068,2,5,2,5,2,2,2
1408,0,0,0,3,0,0,0
1734,0,0,0,6,0,0,0
715,0,0,0,0,0,4,0
1250,1,1,5,3,1,1,0
194,0,0,0,4,0,4,0
441,1,1,1,3,1,3,0
574,0,0,0,4,0,0,0
504,2,5,2,5,5,2,5
606,1,1,1,0,3,3,0
1288,0,0,0,4,0,0,0
1091,0,0,0,4,4,4,0
1669,2,2,2,2,2,2,2
847,5,5,2,5,5,5,5
4,0,0,0,4,0,4,0
1145,0,0,0,4,0,4,0
468,5,5,2,5,5,2,5
322,2,2,2,5,2,2,5
6,0,0,0,3,1,0,0
223,1,1,1,6,1,3,0
548,5,5,2,5,2,2,5
229,5,5,2,5,2,5,5
40,0,0,0,6,4,0,0
543,0,0,0,4,0,0,0
243,5,5,2,5,2,5,5
1790,2,2,2,5,2,5,5
137,1,1,1,1,3,3,1
1425,5,5,2,4,2,5,0
1640,0,0,0,4,0,0,0
1473,1,1,1,1,3,6,1
907,5,5,5,4,5,5,0
830,2,2,2,5,2,5,5
446,2,2,2,5,2,2,2
843,0,0,0,4,4,4,0
1762,1,1,1,3,1,1,0
1197,0,0,0,4,4,4,0
1704,1,1,1,1,1,1,1
1648,0,0,0,3,0,0,0
1836,0,4,0,6,0,0,0
662,1,1,1,3,1,3,0
437,0,0,0,6,0,0,0
1731,0,0,0,4,0,4,0
1379,0,0,0,6,0,0,0
1133,0,4,0,4,4,4,0
315,0,4,0,3,0,0,0
443,0,0,0,4,0,0,0
1489,0,0,0,4,4,4,0
320,0,0,0,4,4,0,0
282,0,0,0,1,0,0,1
1769,2,2,2,5,2,2,5
1406,1,1,1,1,1,6,1
425,5,2,2,5,5,5,5
554,0,4,0,0,0,4,0
595,0,4,0,0,5,0,0
1830,3,3,1,4,6,3,0
975,0,0,0,4,0,4,0
1512,1,3,1,6,1,6,0
939,0,0,0,4,0,0,0
1510,0,0,0,2,0,4,0
1447,0,4,0,4,0,0,0
1855,1,3,1,1,6,6,1
580,0,4,0,4,0,4,0
212,3,3,1,1,3,3,1
145,0,0,0,3,0,0,0
537,1,3,1,4,1,3,0
1048,0,0,0,0,0,4,0
273,0,0,0,1,0,0,1
1108,0,0,0,3,4,0,0
1846,0,0,0,4,0,0,0
631,0,0,0,4,0,0,0
1608,0,0,0,4,0,0,0
506,0,0,0,0,4,0,0
1080,0,0,0,6,0,0,0
3,1,3,1,4,1,3,0
1263,0,0,0,4,0,0,0
1085,0,0,0,6,0,0,0
666,0,0,0,6,0,4,0
365,0,0,0,3,4,0,0
216,3,3,1,4,3,3,0
48,1,3,1,6,1,3,0
56,1,3,1,0,1,3,0
73,1,3,1,4,3,3,0
1403,1,6,1,3,3,6,0
1323,2,5,2,5,2,2,5
582,2,5,2,5,5,5,5
377,2,5,2,5,2,2,5
1115,1,6,1,1,1,6,1
369,1,1,1,1,1,6,1
1297,1,1,1,1,1,3,1
1097,2,2,2,5,5,2,5
228,1,1,1,1,3,3,1
1027,5,2,2,2,5,5,2
67,1,1,1,1,1,3,1
394,2,5,2,5,2,5,5
25,1,1,1,1,1,6,1
1841,2,5,2,5,5,2,5
812,0,4,0,4,4,4,0
989,1,1,1,1,3,6,1
86,5,2,2,2,5,5,2
1684,2,5,2,5,5,2,5
953,2,5,2,5,2,2,5
1202,2,2,2,5,5,2,5
988,2,2,2,5,5,2,5
1745,0,4,0,3,4,4,0
1304,2,2,2,5,2,2,5
1279,2,2,2,2,2,2,2
1719,0,4,0,3,4,0,0
274,1,1,1,1,1,1,1
508,2,5,2,5,5,2,2
1343,1,1,1,1,1,1,1
363,5,5,2,2,2,5,2
1809,0,4,0,0,0,4,0
623,1,1,1,4,1,3,0
7,1,1,1,3,1,3,0
1469,2,5,2,5,2,2,2
312,1,1,1,1,3,3,1
1839,1,1,1,1,1,6,1
1285,0,4,0,6,0,0,0
983,0,0,0,1,0,0,1
28,0,0,0,4,4,0,0
1340,0,2,0,6,4,0,0
526,0,0,0,3,0,0,0
1712,2,2,2,5,2,2,5
1010,1,1,1,1,3,3,1
639,3,1,1,6,1,3,0
303,0,1,0,4,0,0,0
719,1,1,1,1,3,3,1
692,1,1,1,4,3,3,0
1467,1,1,1,6,6,6,0
1269,2,2,2,5,5,2,5
625,1,1,1,6,1,1,0
8,0,4,0,0,0,4,0
257,1,1,1,1,1,3,1
804,0,0,0,4,0,0,0
26,0,0,0,6,0,4,0
337,1,1,1,4,3,1,0
573,1,1,1,1,6,6,0
1382,5,5,2,2,2,5,2
107,1,1,1,1,1,3,1
350,1,1,1,6,3,1,0
239,0,0,0,4,0,4,0
214,0,0,0,4,4,0,0
121,0,0,0,4,0,0,0
1665,0,0,0,4,0,4,0
1238,0,0,0,4,4,0,0
794,0,4,0,4,0,0,0
923,1,3,1,3,1,3,0
813,5,5,2,5,5,5,5
1612,0,4,0,3,1,0,0
78,0,0,0,4,0,4,0
945,0,1,0,1,4,0,1
1051,1,1,1,1,1,3,1
46,1,3,1,1,3,6,1
1566,3,3,1,1,1,3,1
524,0,4,0,3,4,0,0
233,0,0,0,1,0,0,1
645,0,0,0,3,0,4,0
1449,1,3,1,1,6,6,0
534,2,5,2,5,2,2,2
604,5,2,2,5,2,5,5
1132,1,3,1,4,3,3,0
1490,0,0,0,6,0,0,0
61,0,0,0,4,0,0,0
1180,1,3,1,1,1,3,0
93,0,0,0,4,0,4,0
667,2,5,2,5,2,2,5
281,0,4,0,3,1,0,0
1042,2,2,2,2,2,2,2
360,0,2,0,4,0,0,0
1842,2,5,2,5,5,2,5
1861,2,2,2,2,2,2,2
848,1,3,1,4,1,3,0
111,1,3,1,1,3,3,1
43,0,0,0,4,0,0,0
126,0,4,0,3,0,0,0
53,2,2,2,5,2,2,5
1448,0,0,0,6,0,0,0
184,0,4,0,4,0,4,0
138,0,4,0,3,4,0,0
133,0,4,0,6,0,0,0
81,0,0,0,6,0,0,0
1442,1,3,1,4,3,3,0
542,0,4,0,3,0,0,0
1494,0,0,0,4,0,4,0
984,0,4,0,3,0,0,0
166,0,0,0,4,0,4,0
249,0,0,0,3,4,0,0
447,0,0,0,4,0,0,0
1076,0,0,0,4,4,4,0
859,0,4,0,0,4,0,0
98,0,0,0,6,0,0,0
1840,2,2,2,2,2,2,2
1177,0,0,0,4,0,4,0
919,1,3,1,4,6,6,0
1603,5,2,2,2,2,5,2
1565,0,3,0,6,4,0,0
763,3,3,1,1,1,3,1
990,0,0,0,4,0,0,0
389,0,3,0,4,2,0,0
1656,0,0,0,0,0,0,0
268,1,3,1,1,6,6,1
674,0,0,0,3,0,0,0
250,0,0,0,1,0,0,1
34,0,0,0,0,4,0,0
449,1,6,1,6,1,6,0
717,0,0,0,4,4,0,0
1420,0,0,0,1,0,0,1
1047,0,0,0,6,4,0,0
771,0,0,0,4,0,0,0
1217,0,0,0,4,4,4,0
1324,0,0,0,4,0,0,0
1824,0,0,0,4,0,0,0
1232,0,0,0,0,0,0,0
1628,1,1,1,1,1,1,1
1284,2,5,2,5,2,2,2
205,1,1,1,1,1,6,1
546,1,1,1,4,1,1,0
69,2,5,2,5,5,2,5
1064,5,5,2,5,5,5,2
900,1,1,1,1,1,6,1
797,1,1,1,1,1,6,1
1134,0,4,0,4,4,4,0
738,1,1,1,1,3,6,1
103,0,4,0,4,0,0,0
435,1,1,1,1,3,3,1
75,0,4,0,4,4,4,0
1674,1,1,1,1,1,6,1
1125,1,1,1,1,3,6,1
1518,1,1,1,1,3,1,1
236,0,4,0,0,0,4,0
1112,1,3,1,1,3,3,0
118,1,1,1,1,3,6,1
1504,1,3,1,1,1,3,0
1356,5,5,2,5,5,5,5
95,1,3,1,6,1,6,0
1367,1,1,1,1,1,3,1
1563,0,4,0,3,0,0,0
1746,1,3,1,4,3,3,0
1,1,1,1,6,1,1,0
1282,1,1,1,1,1,1,0
1102,0,1,0,4,0,0,0
83,5,5,2,5,5,5,5
1203,0,4,0,4,0,4,0
677,5,5,2,5,5,5,5
1663,5,2,2,2,5,5,2
1138,1,1,1,1,1,6,1
1487,5,5,2,4,5,5,0
1481,3,3,1,1,3,3,0
1792,5,5,2,5,2,5,5
405,1,1,1,1,1,6,1
1616,3,3,1,1,1,3,1
1211,3,3,1,6,3,6,0
105,5,5,2,5,5,5,5
689,1,3,1,6,1,1,0
827,1,3,1,1,3,6,1
63,5,5,2,2,2,5,2
853,2,5,2,5,2,2,2
1413,2,2,2,5,5,5,5
224,2,5,2,5,2,5,5
146,5,5,2,5,5,5,5
1089,0,4,0,4,0,0,0
374,0,4,0,3,0,0,0
1482,3,3,1,1,3,3,1
1499,5,5,2,5,2,5,5
10,0,4,0,6,4,0,0
450,0,1,0,6,4,0,0
709,1,1,1,4,1,1,0
256,2,2,2,5,2,2,2
883,0,0,0,4,4,4,0
390,0,4,0,4,0,4,0
909,0,0,0,3,4,0,0
925,0,0,0,6,4,4,0
1596,2,2,2,5,5,2,2
1741,0,0,0,3,0,0,0
461,0,0,0,4,0,0,0
1186,0,0,0,1,0,0,1
959,0,0,0,4,0,0,0
502,5,5,2,2,5,5,2
740,5,2,2,2,5,5,2
1760,0,0,0,4,0,0,0
869,0,0,0,0,0,0,0
732,0,0,0,4,1,0,0
540,0,0,0,4,0,4,0
698,0,0,0,4,4,0,0
1804,0,4,0,3,4,0,0
1650,0,0,0,4,0,0,0
1146,0,4,0,3,0,0,0
1032,1,3,1,4,1,1,0
373,0,0,0,6,2,0,0
668,5,2,2,2,2,2,2
1428,0,0,0,4,0,0,0
358,1,3,1,4,1,3,0
968,0,0,0,3,0,0,0
784,0,0,0,4,0,0,0
736,0,4,0,3,4,0,0
971,2,2,2,5,5,2,5
1615,1,3,1,6,1,3,0
1506,1,1,1,1,1,3,1
1426,0,4,0,4,0,4,0
1393,0,0,0,0,0,0,0
1783,1,3,1,4,1,6,0
1607,0,0,0,3,0,4,0
80,5,2,2,2,5,5,2
1173,5,1,5,3,1,5,0
815,2,2,2,5,5,2,5
1542,0,0,0,4,4,4,0
58,0,0,0,4,5,4,0
134,0,4,0,4,0,0,0
1141,0,0,0,4,4,0,0
1577,0,4,0,4,0,4,0
505,1,1,1,1,1,1,1
348,0,0,0,4,4,0,0
387,0,0,0,0,0,0,0
1025,2,2,2,2,2,5,2
829,0,4,0,4,0,0,0
1394,0,0,0,4,0,0,0
1302,0,0,0,4,0,0,0
173,0,0,0,1,0,0,1
1150,1,1,1,1,3,6,1
39,2,2,2,5,5,5,5
714,0,0,0,6,0,4,0
91,5,2,2,2,2,5,2
1805,0,0,0,4,0,0,0
1259,3,1,1,1,3,3,1
1270,1,1,1,3,3,3,0
1825,0,0,0,6,4,0,0
500,0,0,0,3,0,0,0
1189,3,1,1,1,3,3,1
946,0,0,0,4,0,4,0
170,0,0,0,1,0,0,1
1352,2,2,2,2,2,2,2
1033,5,2,2,2,5,5,2
588,0,0,0,6,0,0,0
751,0,0,0,0,0,4,0
658,0,0,0,1,0,0,1
1528,0,0,0,3,4,0,0
1157,0,0,0,4,0,0,0
1210,2,2,2,5,5,2,2
1066,0,0,0,1,3,4,0
109,0,6,1,1,6,6,1
1049,0,2,0,4,4,4,0
1567,5,2,2,2,2,2,2
1752,1,6,1,1,1,6,0
192,1,6,1,1,3,6,1
1036,5,5,5,5,5,5,5
886,3,3,1,6,1,3,0
672,1,3,1,4,1,3,0
1434,1,3,1,1,1,6,1
934,3,3,1,4,1,3,0
824,5,5,5,4,2,5,0
1658,2,5,2,5,2,2,5
895,1,3,1,3,1,6,0
1765,0,4,0,0,0,4,0
476,2,5,2,5,5,2,5
653,2,5,2,5,2,2,5
876,1,3,1,4,1,3,0
1094,0,4,0,4,4,4,0
1156,5,5,5,2,2,5,2
339,5,5,5,5,2,5,5
29,1,1,1,4,3,1,0
1234,1,1,1,4,1,3,0
1700,5,5,5,5,5,5,5
1198,0,4,0,3,4,4,0
913,2,5,2,5,2,2,5
492,0,4,0,4,0,4,0
954,1,1,1,3,1,6,0
1098,1,1,1,6,1,1,0
235,1,1,1,1,1,6,1
733,1,3,1,0,1,3,0
1477,1,1,1,1,3,6,1
1524,3,3,1,6,1,6,0
935,1,1,1,1,6,6,1
1443,1,1,1,6,3,6,0
569,0,0,0,0,4,0,0
1168,0,4,0,4,0,0,0
1175,0,0,0,3,0,0,0
891,3,1,1,1,1,6,1
948,0,1,0,4,0,0,0
1260,1,1,1,1,1,6,1
1335,0,4,0,4,0,0,0
1619,0,0,0,4,0,0,0
885,0,0,0,4,0,0,0
851,0,0,0,4,1,0,0
735,0,4,0,0,4,4,0
718,0,0,0,6,0,0,0
455,0,4,0,3,0,0,0
265,2,5,5,5,2,5,5
76,1,1,1,6,1,6,0
1553,0,5,0,4,4,4,0
445,0,0,0,4,0,0,0
396,0,0,0,4,0,0,0
177,2,2,2,2,2,2,2
1043,1,1,1,3,1,6,0
1624,0,4,0,4,0,4,0
1306,2,2,2,5,2,2,5
1286,2,5,2,2,2,2,2
596,5,2,2,5,5,2,2
62,0,4,0,4,4,4,0
873,3,1,1,1,1,6,1
1392,0,0,0,6,4,4,0
279,0,4,0,3,0,0,0
37,1,1,1,1,3,1,1
1418,0,0,0,6,0,0,0
663,2,5,2,5,2,2,5
1687,0,4,0,6,4,0,0
1348,2,2,2,5,5,2,2
978,0,0,0,4,4,0,0
1472,2,2,2,5,2,2,5
739,2,2,2,5,2,2,5
920,0,4,0,3,0,4,0
457,0,0,0,1,0,0,1
676,1,1,1,1,3,1,1
761,0,0,0,4,0,0,0
1848,1,1,1,6,1,1,0
729,1,1,1,1,3,6,1
413,1,1,1,1,1,3,1
1099,0,0,0,4,4,0,0
826,2,2,2,2,2,2,2
1511,0,0,0,1,0,0,1
617,2,2,5,5,2,5,5
115,5,5,5,2,5,5,2
418,0,0,0,4,0,4,0
1780,0,0,0,4,0,0,0
970,1,3,1,1,1,6,1
605,2,2,2,2,2,2,2
1787,5,2,5,2,2,5,2
90,5,5,5,5,5,5,5
849,0,4,0,3,0,0,0
1422,5,2,5,2,2,5,2
1786,1,1,1,4,1,3,0
754,1,3,1,1,6,6,1
499,1,3,1,4,1,6,0
1277,1,1,5,6,1,1,0
12,5,2,5,2,2,5,2
397,0,0,0,6,0,0,0
285,0,0,0,2,0,4,2
1067,1,1,1,1,1,3,1
1192,0,0,0,6,0,4,0
1631,0,0,0,4,4,4,0
691,5,2,2,5,2,2,5
1758,0,0,0,0,4,0,0
690,2,2,2,2,2,2,2
852,0,0,0,6,0,0,0
160,0,0,0,3,0,4,0
896,2,2,5,5,2,5,2
1476,1,1,1,6,1,6,0
258,0,0,0,6,0,0,0
336,0,0,0,3,0,4,0
1753,0,0,0,1,4,0,1
1040,1,1,1,3,3,3,0
516,0,4,0,4,4,4,0
1016,0,4,0,6,0,4,0
1633,0,0,0,6,5,0,0
1204,3,3,1,3,1,6,0
1371,0,4,0,3,2,0,0
522,0,0,0,4,4,4,0
23,0,0,0,4,0,4,0
357,1,1,1,1,1,6,1
1278,0,0,0,4,0,0,0
1313,2,2,5,2,2,5,2
1576,3,1,1,1,1,6,1
341,2,2,2,5,2,2,5
432,1,6,1,1,1,6,1
1228,0,0,0,3,0,4,0
1495,0,0,0,4,0,4,0
1012,0,0,0,3,0,0,0
94,0,0,0,4,0,0,0
1071,0,0,0,6,4,4,0
1093,0,0,0,4,0,0,0
1309,0,0,0,4,0,0,0
697,1,3,1,4,1,3,0
154,0,0,0,4,0,0,0
1213,3,3,1,1,1,6,1
921,1,6,1,6,1,3,0
1128,0,6,0,4,0,0,0
1527,5,5,5,4,5,5,0
769,5,5,2,5,2,5,5
762,5,5,2,5,5,5,5
1247,2,5,2,5,2,5,5
1850,0,4,0,4,4,4,0
474,5,2,2,2,5,2,2
218,1,1,1,1,6,2,1
912,0,4,0,4,0,3,0
1816,0,4,0,3,4,6,0
1009,0,4,0,4,0,4,0
1708,1,1,1,1,1,4,1
1675,1,1,1,3,1,3,0
997,1,1,1,1,1,2,1
1100,0,0,0,4,0,0,0
1610,0,4,0,3,0,3,0
1864,1,1,1,4,1,4,0
790,0,0,0,4,0,6,0
581,2,5,2,5,2,5,2
704,0,4,0,0,4,4,0
1296,0,0,0,0,0,0,0
1561,5,5,5,4,5,5,0
1261,0,4,0,3,0,6,0
488,0,0,0,4,0,0,0
560,1,1,1,4,3,5,0
1142,0,0,0,4,0,0,0
1120,0,0,0,6,0,0,0
802,0,0,0,6,0,0,0
513,5,2,2,2,5,0,2
634,0,0,0,6,4,1,0
1381,2,5,2,5,2,5,5
1670,2,2,2,5,2,2,5
1151,3,1,1,1,1,4,1
791,5,5,2,5,5,5,5
117,0,4,0,3,0,5,0
741,2,2,2,2,5,0,2
1583,0,1,0,6,4,0,0
1082,0,0,0,4,0,0,0
831,0,0,0,6,4,6,0
120,5,2,2,2,2,2,2
657,2,2,2,2,2,2,2
1777,0,0,0,4,0,6,0
636,2,2,2,5,2,0,5
370,0,0,0,6,0,6,0
269,2,2,2,5,2,2,5
656,0,1,0,4,4,0,0
936,3,1,1,1,1,5,0
823,0,4,0,3,0,4,0
867,0,4,0,0,0,4,0
47,0,0,0,4,4,6,0
1374,0,0,0,4,0,0,0
1600,1,1,1,6,1,3,0
992,1,3,1,6,1,4,0
877,5,5,2,5,2,5,5
774,0,0,0,6,0,0,0
1220,2,2,2,5,2,2,5
1866,0,0,0,4,0,3,0
5,1,1,1,1,1,2,1
1004,2,2,2,5,2,0,5
1613,0,4,0,4,0,3,0
264,0,0,0,4,2,0,0
1470,2,2,2,5,5,0,5
1709,1,1,1,3,1,4,0
444,1,1,1,4,3,6,0
1003,0,0,0,1,4,0,1
1078,0,0,0,6,4,0,0
838,0,0,0,6,0,0,0
1673,1,1,1,3,3,4,0
305,1,1,1,4,1,6,0
1366,1,1,1,1,1,0,1
1458,1,1,1,1,1,4,1
314,0,0,0,4,0,0,0
150,0,4,0,4,0,4,0
1149,2,2,2,2,2,2,2
1214,0,0,0,1,0,6,1
575,0,4,0,4,0,4,0
51,1,1,1,6,1,3,0
1453,1,1,1,4,3,6,0
727,0,0,0,4,0,6,0
834,1,3,1,1,3,4,1
1378,0,4,0,4,0,4,0
1116,1,3,1,4,6,3,0
1167,5,2,2,2,5,0,2
471,0,1,0,4,0,6,0
972,0,4,0,3,0,4,0
654,3,3,1,3,3,4,0
400,1,1,1,1,1,4,1
512,1,3,1,3,3,3,0
321,1,3,1,1,1,3,1
20,0,0,0,1,0,0,1
685,2,2,2,5,2,2,5
36,5,2,2,2,5,2,2
903,1,1,1,1,1,2,1
828,0,4,0,0,0,3,0
1678,3,3,1,1,3,4,1
408,0,0,0,2,4,0,2
538,0,0,0,6,0,0,0
759,0,0,0,3,0,0,0
1063,1,1,1,6,1,6,0
1200,1,1,1,4,3,6,0
246,0,0,0,6,4,0,0
1417,0,0,0,6,0,0,0
785,1,3,1,4,1,4,0
490,1,1,1,1,6,0,1
155,0,0,0,4,4,0,0
962,2,5,2,5,5,5,5
854,3,3,1,1,1,4,1
1312,1,1,1,1,1,3,1
686,1,3,1,1,1,6,1
570,2,5,2,5,2,5,5
1778,0,0,0,2,0,0,2
18,2,5,2,5,5,5,5
128,2,5,2,5,5,5,2
1347,2,2,2,5,5,2,2
1280,0,0,0,6,0,6,0
981,0,0,0,3,0,6,0
1831,0,0,0,6,0,6,0
191,0,0,0,4,0,0,0
1140,0,0,0,4,4,6,0
1552,0,0,0,4,0,0,0
607,0,0,0,4,0,0,0
1588,1,3,1,1,3,6,1
17,1,3,1,4,1,4,0
1073,5,5,2,4,2,5,0
547,2,5,2,5,2,5,2
1755,5,5,2,5,2,5,2
798,1,3,1,4,1,3,0
1389,1,3,1,4,1,3,0
1761,1,6,1,1,6,0,1
641,1,6,1,6,1,6,0
955,1,6,1,6,3,2,0
1629,0,4,0,0,0,4,0
626,1,1,1,6,6,6,1
1462,1,1,1,1,1,1,0
1835,0,4,0,3,1,0,0
928,0,4,0,4,0,0,0
993,5,2,5,2,2,5,2
1822,0,4,0,3,4,4,0
181,0,0,0,6,0,0,1
302,1,1,1,6,6,6,1
497,2,2,5,5,5,2,2
1601,0,0,0,4,0,0,0
1557,1,1,1,1,1,1,0
1630,0,0,0,4,4,4,0
518,0,4,0,4,0,4,0
1851,1,1,1,1,6,6,0
1070,0,4,0,1,4,0,0
477,1,1,1,4,3,1,0
158,1,1,1,6,1,6,1
1244,1,1,1,6,6,6,1
1196,0,0,0,1,0,0,0
1838,0,4,0,4,0,4,0
659,0,0,0,0,0,4,0
1522,0,0,0,3,0,4,0
1020,0,4,0,3,0,4,0
1558,0,0,0,6,0,4,1
960,1,1,1,6,3,6,1
284,2,2,5,5,2,5,5
1736,2,2,5,5,2,2,5
226,0,0,0,6,0,0,0
27,0,4,0,4,0,0,0
1654,1,1,1,6,1,6,1
438,2,2,5,5,2,2,5
1815,0,0,0,6,0,0,1
230,0,0,0,3,0,4,0
38,5,5,5,5,5,5,5
750,0,0,0,0,0,0,0
1046,3,3,1,6,1,3,1
1399,3,1,1,6,3,3,1
470,0,0,0,1,0,4,0
1828,0,0,0,4,4,0,0
1834,0,0,0,4,0,0,0
688,0,4,0,3,0,4,0
1720,1,1,1,6,1,6,1
640,2,2,2,5,2,2,5
1604,0,5,0,6,4,0,0
1219,3,1,1,6,1,6,1
1159,1,1,1,6,3,3,1
1416,1,3,1,6,1,1,0
1551,5,2,5,2,5,5,2
1301,0,0,0,4,0,0,0
1702,1,1,1,6,1,6,1
801,0,0,0,4,4,0,0
161,2,2,5,5,5,5,5
957,0,4,0,3,4,4,0
1187,1,3,1,3,3,6,0
822,0,4,0,4,0,4,0
1575,1,1,1,6,3,6,1
878,0,4,0,3,0,0,0
914,1,3,1,4,1,1,0
153,0,0,0,1,0,0,0
1714,5,2,5,2,2,5,2
1660,3,3,1,3,3,3,0
510,0,4,0,6,4,0,0
1136,1,3,1,4,1,3,0
1251,1,1,1,6,1,6,1
1559,0,4,0,4,4,0,0
104,0,0,0,3,4,0,0
1446,1,1,1,4,3,1,0
1444,1,3,1,1,1,6,0
587,5,5,5,2,5,5,2
1652,2,2,2,5,2,2,2
1144,2,5,5,5,2,2,5
54,0,0,0,6,0,0,1
152,2,5,5,5,5,2,5
404,5,5,5,5,2,5,2
1810,0,0,0,4,0,0,0
208,2,2,2,5,2,2,5
1767,1,3,1,1,1,3,0
1123,1,1,1,6,1,1,1
1636,0,4,0,3,0,0,0
9,2,2,2,5,2,2,2
1015,2,5,5,5,2,5,5
1677,2,5,5,5,5,2,5
1061,1,1,1,6,3,3,1
453,0,0,0,4,4,4,0
1328,0,0,0,4,0,0,0
897,0,0,0,4,4,4,0
881,1,3,1,6,1,6,1
624,2,5,5,5,2,2,5
1595,2,5,5,5,5,5,5
1322,2,2,5,2,5,5,2
1439,3,1,1,6,1,3,1
151,1,1,1,3,1,1,0
473,3,1,1,6,3,6,1
1849,2,5,5,5,2,5,2
1756,0,0,0,2,4,4,2
489,3,1,1,6,1,3,1
1692,2,5,5,5,2,5,5
1172,0,0,0,6,3,4,1
147,0,0,0,1,4,0,0
1797,2,2,2,2,2,2,2
403,1,3,1,4,1,1,0
1763,0,0,0,3,4,0,0
660,3,1,1,3,3,3,0
1373,0,0,0,2,0,4,0
464,1,1,1,6,3,6,1
1350,2,2,5,5,2,2,5
187,0,0,0,4,0,0,0
1148,2,2,5,5,2,2,2
1225,1,3,1,4,1,1,0
609,1,1,1,6,1,1,1
752,0,0,0,4,0,0,0
1535,2,5,5,5,5,5,5
280,0,0,0,4,0,4,0
1703,0,0,0,4,0,0,0
203,0,0,0,4,0,0,0
247,0,0,0,3,4,0,0
1427,3,6,1,6,3,3,1
1643,0,5,0,1,0,0,0
642,1,3,1,4,6,6,0
2,0,0,0,4,4,4,0
113,1,6,1,3,1,6,0
699,0,0,0,4,4,0,0
1784,0,0,0,6,0,0,0
1635,1,3,1,6,3,3,1
1411,1,3,1,6,1,6,1
1534,0,0,0,0,4,0,0
1689,2,5,5,5,5,5,5
1258,2,5,5,5,5,2,5
398,1,6,1,6,1,6,1
254,0,4,0,4,4,4,0
1622,0,4,0,1,0,6,0
346,0,4,0,3,0,4,0
263,0,4,0,4,4,4,0
551,0,4,0,3,0,4,0
929,0,4,0,3,0,3,0
1597,0,4,0,2,0,0,0
144,1,1,1,1,1,5,0
982,0,4,0,3,4,3,0
198,1,1,1,6,1,0,1
884,0,4,0,4,0,4,0
294,2,2,2,2,2,2,2
401,0,4,0,1,0,3,0
123,0,4,0,4,0,4,0
1208,0,4,0,4,0,3,0
1463,0,4,0,0,0,0,0
836,1,1,1,1,1,3,0
1440,1,1,1,1,3,3,0
1773,0,4,0,3,0,6,0
1754,1,1,1,6,1,5,1
1154,1,1,1,6,6,1,1
385,2,2,2,2,2,2,2
855,3,1,1,6,1,2,1
1590,2,2,2,5,2,2,2
220,2,2,2,2,2,2,2
952,2,2,2,2,5,0,2
1410,1,1,1,3,1,4,0
1292,5,2,2,5,2,2,2
442,1,1,1,6,1,1,1
1521,1,3,1,4,1,3,0
1137,0,0,0,3,0,0,0
1257,0,0,0,1,0,0,0
1739,1,1,1,6,1,4,1
1632,1,3,1,4,1,4,0
1398,0,0,0,1,0,6,0
664,0,0,0,6,0,6,1
1713,1,1,1,6,1,1,1
1657,2,5,2,5,2,5,2
318,0,0,0,1,0,6,0
649,2,2,2,5,2,0,2
1435,1,1,1,6,3,6,1
1480,0,0,0,0,0,6,0
710,1,1,1,6,1,2,1
1383,5,5,5,5,5,5,5
1283,1,1,1,3,1,3,0
973,0,0,0,0,0,0,0
628,0,0,0,4,0,0,0
633,3,1,1,3,3,3,0
1307,0,0,0,3,4,0,0
1401,0,0,0,4,0,0,0
1409,2,5,2,5,2,5,2
1249,0,0,0,4,0,0,0
1819,0,0,0,3,0,2,0
1255,1,1,1,6,1,3,1
1497,0,0,0,1,3,0,0
1372,0,0,0,1,0,2,0
1530,1,3,1,6,3,0,1
1355,0,0,0,4,4,6,0
1794,5,5,5,5,5,5,5
1772,0,0,0,4,0,0,0
1644,5,5,5,5,5,5,5
1860,2,2,2,2,5,0,2
796,0,0,0,0,0,6,0
646,3,3,1,4,1,3,0
1013,0,0,0,1,4,0,0
1716,1,3,1,6,1,6,1
557,1,1,1,6,1,0,1
682,0,0,0,4,0,6,0
578,0,0,0,4,0,0,0
1110,0,0,0,3,0,0,0
1267,0,4,0,4,0,4,0
1184,1,1,1,3,1,3,0
525,0,0,0,3,4,0,0
1060,1,1,1,6,1,2,1
541,2,2,2,2,2,2,2
1195,0,4,0,4,0,3,0
1679,2,2,2,5,2,2,5
749,0,4,0,3,0,3,0
1728,5,2,5,2,5,2,2
485,5,2,2,2,5,0,2
96,0,0,0,3,4,2,0
1021,2,2,2,2,2,2,2
564,1,1,1,6,1,2,1
1265,2,2,2,5,2,2,5
743,2,2,2,5,5,2,2
864,1,3,1,0,3,3,0
1599,0,0,0,3,0,0,0
1485,0,0,0,4,0,0,0
892,0,0,0,4,0,0,0
1578,5,5,5,5,2,5,5
1039,0,0,0,4,0,0,0
207,1,1,1,1,1,3,0
393,5,2,5,2,5,2,2
795,2,5,2,5,5,5,5
767,0,0,0,6,0,3,1
1718,0,0,0,2,4,0,2
1242,1,3,1,6,1,6,1
1029,0,0,0,0,0,0,0
643,1,1,1,1,1,4,0
961,0,0,0,4,0,0,0
726,1,3,1,0,1,4,0
684,1,1,1,6,1,0,1
99,2,5,2,5,5,5,2
1598,1,1,1,1,1,6,0
407,1,1,1,6,6,0,1
503,0,0,0,3,0,2,0
1072,1,3,1,3,1,4,0
1057,0,0,0,3,0,0,0
930,5,5,5,5,5,5,5
1052,1,1,1,1,3,4,0
41,1,1,1,3,1,4,0
1018,1,6,1,3,3,6,0
231,0,0,0,6,0,6,1
1514,0,0,0,1,0,0,0
379,1,3,1,6,1,4,1
289,1,3,1,1,3,4,0
1699,3,3,1,4,1,3,0
593,2,5,2,5,2,5,5
1523,1,3,1,3,3,3,0
1163,0,0,0,0,0,0,0
1087,0,0,0,4,0,3,0
1496,0,5,0,1,0,0,0
648,0,0,0,3,1,2,0
217,5,5,2,5,2,5,2
338,1,3,1,3,6,6,0
296,5,5,5,5,5,5,5
1726,5,5,5,5,2,5,5
1486,1,6,1,3,1,6,0
202,2,5,2,5,2,5,2
1026,5,5,5,5,2,5,5
1431,0,4,0,3,0,3,0
871,0,4,0,0,0,3,0
1764,2,2,2,5,2,2,2
613,0,4,0,1,0,6,0
1571,2,2,2,5,2,2,2
805,0,4,0,1,0,4,0
780,0,4,0,0,0,3,0
201,0,4,0,3,0,3,0
135,0,2,0,4,0,6,0
419,1,1,1,6,3,2,1
392,2,2,2,5,2,1,2
1153,0,4,0,3,0,6,0
1368,1,1,1,3,1,3,0
521,0,4,0,4,0,4,0
65,0,0,0,1,0,0,0
15,1,1,1,6,3,1,1
1181,0,0,0,4,4,6,0
1065,1,1,1,6,3,4,1
493,0,0,0,4,0,2,0
380,1,1,1,1,1,3,0
188,2,2,2,5,2,2,2
764,0,4,0,4,0,4,0
792,0,0,0,0,0,0,0
1077,1,1,1,6,1,1,1
879,0,0,0,1,0,0,0
720,0,0,0,1,0,6,0
1749,0,0,0,4,4,0,0
1017,1,3,1,6,1,6,1
1276,3,1,1,6,3,0,1
1751,1,3,1,1,1,3,0
456,1,1,1,1,3,3,0
1863,2,2,2,5,2,2,2
816,3,3,1,4,3,3,0
270,1,6,1,3,3,6,0
996,1,3,1,1,6,3,1
162,1,3,1,4,1,3,0
1580,1,1,1,6,3,3,1
730,2,2,2,2,2,0,2
402,1,1,1,1,1,3,0
703,1,1,1,3,6,2,0
1501,0,0,0,3,5,0,0
1130,0,0,0,3,0,0,0
566,2,2,2,5,2,2,2
1414,1,3,1,4,1,3,0
1022,1,3,1,6,1,0,1
1412,2,5,2,5,5,5,5
1586,2,2,2,5,2,2,2
1105,1,3,1,4,1,3,0
206,1,1,1,1,1,3,0
35,2,2,2,5,2,2,2
776,1,1,1,1,1,3,0
509,2,5,2,5,5,5,5
1452,0,0,0,4,4,6,0
1479,0,0,0,4,0,0,0
1837,0,0,0,1,4,6,0
1391,2,5,2,5,2,5,2
92,1,1,1,6,3,0,1
1364,0,0,0,1,0,0,0
898,0,0,0,4,0,2,0
565,5,5,2,5,2,5,5
1370,0,0,0,1,0,0,0
777,2,5,2,5,2,5,2
242,5,5,2,5,2,5,5
14,0,0,0,4,0,3,0
316,2,2,2,2,2,2,2
601,1,3,1,4,1,3,0
388,1,1,1,3,1,6,0
1298,0,0,0,4,4,0,0
167,1,1,1,6,3,0,1
841,0,0,0,4,4,0,0
21,2,2,2,5,2,2,5
647,2,5,2,5,5,5,5
1509,1,3,1,3,1,4,0
1155,0,4,0,1,0,3,0
1529,2,5,2,5,5,5,5
832,0,4,0,4,0,3,0
1268,0,0,0,4,0,0,0
1591,0,0,0,4,4,0,0
563,0,0,0,4,0,0,0
1818,0,0,0,6,0,6,1
687,1,1,1,6,1,0,1
958,5,5,2,2,5,5,2
190,0,4,0,0,0,3,0
1807,2,2,2,2,5,2,2
976,1,1,1,6,1,6,1
700,0,0,0,3,0,2,0
1500,1,1,1,6,1,6,1
1706,0,0,0,3,0,0,0
511,0,0,0,4,0,0,0
1083,0,0,0,1,0,0,0
475,1,1,1,1,1,3,0
1585,2,2,2,5,5,0,2
857,2,2,2,2,5,0,2
748,0,1,0,1,0,0,0
253,0,0,0,3,0,1,0
22,0,0,0,4,0,0,0
1338,0,0,0,4,0,0,0
460,2,5,2,5,2,5,5
1185,1,3,1,6,1,0,1
277,0,0,0,2,5,0,2
956,3,1,1,0,1,4,0
1216,5,2,2,2,2,2,2
386,0,0,0,4,0,3,0
806,1,1,1,6,1,0,1
1438,0,4,0,0,4,4,0
1516,0,0,0,4,4,0,0
344,0,0,0,4,0,6,0
770,0,0,0,4,4,6,0
1333,5,5,2,2,5,5,2
1686,5,5,2,5,5,5,2
131,1,1,1,6,3,4,1
1688,2,5,2,5,5,5,5
872,0,0,0,1,4,2,0
1124,0,0,0,0,0,0,0
1397,0,0,0,4,0,6,0
88,2,5,2,5,5,5,5
1483,1,3,1,4,1,4,0
331,1,3,1,4,1,3,0
1239,0,4,0,0,4,5,0
467,1,1,1,1,1,5,0
122,0,0,0,3,4,0,0
1639,1,6,1,0,3,6,0
1045,1,3,1,6,1,0,1
1725,2,5,2,5,5,5,5
1096,0,4,0,4,4,4,0
1131,1,1,1,6,3,3,1
1295,1,1,1,3,1,0,0
861,0,4,0,1,0,4,0
1460,5,5,2,5,5,5,5
1127,0,4,0,4,0,4,0
