,y_val,KNN_pred,LR_pred,RF_pred
1377,0,0,4,0
209,5,2,5,2
1310,0,0,6,4
1461,2,5,5,2
59,2,2,5,2
1694,0,0,0,0
1478,0,0,4,0
364,5,5,5,2
1164,0,4,1,4
594,0,0,4,1
1050,1,1,1,1
1776,6,3,1,3
1139,0,0,3,0
742,2,2,5,2
1359,0,0,4,4
1757,1,1,6,1
119,2,0,6,0
1169,0,0,4,4
675,4,0,4,0
523,5,2,5,2
514,3,1,6,3
82,5,5,5,5
1081,4,0,4,0
893,1,1,6,3
381,1,1,6,1
1581,1,3,3,3
85,0,0,6,0
1711,1,1,1,1
330,2,2,5,2
977,4,0,4,0
1384,2,2,5,2
1038,0,0,4,0
967,0,0,4,4
1844,1,1,3,1
452,0,0,3,4
491,0,0,4,0
1649,2,2,2,2
288,0,0,4,0
803,1,3,1,3
1852,1,1,6,3
1275,4,0,4,0
1171,4,0,6,4
875,3,1,3,6
1362,0,0,4,0
775,2,2,5,2
811,0,0,4,1
1011,2,2,5,2
1546,5,2,5,5
328,1,1,1,1
1611,0,0,3,0
713,0,0,6,4
1000,0,0,4,0
1019,1,3,1,3
1858,1,1,6,1
178,1,1,1,1
906,3,1,4,1
695,0,4,3,0
87,2,5,5,5
1336,1,1,1,1
1771,4,0,3,0
458,0,0,3,0
55,3,1,0,3
1404,2,2,5,2
222,4,0,3,0
114,1,1,3,1
860,4,0,3,0
1541,0,0,6,0
974,5,5,5,5
175,5,5,5,2
846,5,5,2,5
590,0,0,6,4
1865,4,0,4,0
19,1,1,1,1
424,3,1,0,1
1538,4,0,4,0
286,1,1,1,3
1484,4,0,6,0
429,5,5,2,5
1782,2,5,2,5
1240,4,0,3,0
32,1,1,3,1
825,4,0,4,0
1574,1,1,1,1
215,5,2,2,5
1254,5,5,4,5
327,1,1,6,1
561,4,0,4,4
1041,5,5,5,5
1492,0,0,4,0
1114,0,0,4,0
342,2,2,2,5
630,3,1,1,1
148,1,1,1,1
361,0,4,4,4
84,1,1,1,1
49,1,1,1,3
469,0,4,4,0
156,2,5,2,5
1331,2,5,5,2
1503,2,2,5,5
1126,4,0,4,4
1526,3,1,1,1
501,1,1,1,1
180,3,1,4,1
1218,2,2,5,5
901,0,4,6,4
693,3,1,1,1
773,0,0,3,0
1517,5,2,5,2
529,1,3,1,1
347,5,2,5,5
1293,3,3,1,3
1827,6,1,1,1
716,5,5,5,2
1053,1,1,6,3
887,4,0,6,0
950,0,0,4,0
1671,4,4,4,4
1424,0,0,4,0
313,0,0,3,0
436,1,1,3,1
661,0,0,3,0
1084,0,4,6,4
1117,0,0,6,4
297,3,1,4,1
1215,0,0,4,4
1520,0,0,4,4
768,3,3,3,1
210,0,0,4,0
1560,3,1,3,1
1475,3,3,4,3
602,5,5,4,5
244,2,2,5,2
786,2,5,2,2
1770,5,5,2,5
820,4,0,4,4
309,2,5,2,5
431,1,1,3,1
371,4,0,3,0
567,2,5,2,5
1829,2,2,2,2
182,1,1,1,3
622,1,3,3,3
723,5,5,5,2
835,5,5,5,5
1717,1,1,6,1
1862,4,0,3,0
462,2,2,2,2
1103,2,2,5,2
378,1,3,6,3
106,1,1,1,1
127,2,2,5,2
1059,4,0,4,0
966,1,1,3,1
356,4,0,4,4
1729,1,3,6,3
683,1,5,0,1
1101,5,2,5,5
1722,5,5,5,5
141,1,3,6,1
1341,1,3,1,3
1162,0,0,4,0
1290,0,0,1,0
1579,0,0,4,0
712,0,0,4,0
1183,4,0,4,0
1859,2,2,5,2
756,3,1,4,1
11,2,5,2,5
1587,0,0,4,0
1667,0,0,4,4
283,5,5,2,5
292,1,1,6,1
627,0,0,1,0
1437,5,5,4,5
758,4,0,0,4
130,5,2,5,2
1106,3,3,3,3
324,5,2,5,2
1014,1,1,6,1
744,4,0,4,0
844,3,1,3,3
1740,3,3,3,3
1327,5,5,4,5
1325,4,0,4,0
696,6,1,0,1
985,4,0,3,0
938,1,1,6,1
159,0,4,3,0
866,1,1,6,1
635,5,2,2,2
517,3,1,6,6
1332,3,1,0,1
598,2,5,2,5
196,0,0,1,0
1539,6,1,3,1
766,5,5,2,2
411,1,1,1,1
97,4,0,3,0
1531,3,1,1,1
1007,0,0,4,4
157,4,0,4,0
420,2,2,5,2
1513,4,0,3,0
478,0,0,3,4
916,3,3,1,3
669,2,2,2,2
1464,0,0,4,0
964,1,3,4,3
1212,4,4,3,4
448,5,0,4,0
1147,0,0,1,0
179,1,1,6,1
391,4,4,0,0
579,1,1,1,1
1395,0,0,4,4
1693,1,1,6,1
1540,1,3,6,3
1321,4,0,4,0
910,1,1,6,1
862,5,5,5,2
949,0,0,4,0
665,1,1,1,1
143,0,0,4,4
1419,0,0,1,0
1845,4,0,1,0
422,1,1,3,1
637,0,0,4,0
1311,1,3,6,3
1466,2,5,5,5
295,2,2,5,5
1774,0,0,4,0
89,2,2,2,2
42,2,2,5,5
1802,3,1,0,1
132,1,3,1,3
1582,1,1,6,1
986,0,0,6,0
1730,0,0,4,0
165,0,0,4,0
1853,3,1,1,1
779,3,3,4,3
349,0,0,4,0
1421,0,4,4,0
1661,3,3,1,3
1491,3,1,4,1
899,0,0,4,0
817,0,0,4,4
1732,0,0,4,4
1054,0,0,1,0
329,0,0,4,4
927,3,1,1,1
1621,0,0,6,0
650,0,0,4,0
259,0,4,4,4
139,0,0,1,0
1209,0,0,6,0
140,0,0,1,0
787,0,0,3,0
1609,0,4,0,4
1028,0,0,1,4
1179,0,0,4,0
1346,6,1,3,3
616,5,2,5,2
1493,4,0,4,4
1683,2,5,2,5
998,4,0,4,0
1655,1,1,6,1
725,5,5,2,5
291,4,0,3,4
1768,1,1,1,1
894,1,1,4,1
572,4,0,4,0
1759,1,1,1,3
1227,1,1,1,1
459,4,0,4,0
376,1,1,3,1
334,1,0,6,0
1738,1,1,3,1
1666,5,2,5,2
1361,2,2,5,2
1262,4,0,3,0
882,4,0,3,0
1079,5,5,5,5
1798,2,2,5,2
319,3,1,6,1
1432,1,1,1,1
1266,1,1,4,1
168,2,2,5,2
13,2,2,5,2
172,4,0,1,0
261,5,5,2,5
1537,6,1,3,1
1314,1,1,1,3
673,3,0,6,0
845,2,2,5,2
1119,2,2,5,2
1715,1,1,6,3
550,4,0,4,4
1727,2,5,2,5
1429,1,1,1,1
1104,1,1,6,1
559,3,1,4,1
1623,3,1,4,1
532,2,2,5,2
225,1,1,6,1
724,4,0,4,0
965,1,1,3,1
410,2,5,5,2
326,5,5,4,2
300,1,1,1,1
1068,5,2,5,2
1408,0,0,3,0
1734,0,0,6,0
715,0,0,0,0
1250,1,1,3,1
194,0,0,4,0
441,1,1,3,1
574,0,0,4,4
504,5,2,5,5
606,1,3,0,3
1288,0,0,4,0
1091,0,4,4,4
1669,2,2,2,2
847,5,5,5,5
4,0,0,4,0
1145,0,4,4,0
468,5,5,5,5
322,2,5,5,2
6,0,0,3,1
223,1,1,6,1
548,5,2,5,5
229,5,2,5,2
40,0,0,6,4
543,0,0,4,0
243,5,5,5,2
1790,2,2,5,2
137,1,1,1,3
1425,5,5,4,2
1640,0,0,4,0
1473,1,1,1,3
907,5,5,4,5
830,2,2,5,2
446,2,2,5,2
843,0,4,4,4
1762,1,1,3,1
1197,0,0,4,4
1704,1,1,1,1
1648,0,0,3,0
1836,4,0,6,0
662,1,1,3,1
437,0,4,6,0
1731,0,0,4,4
1379,0,0,6,0
1133,4,4,4,4
315,4,0,3,0
443,0,0,4,0
1489,0,4,4,4
320,0,0,4,4
282,0,0,1,0
1769,2,2,5,2
1406,1,1,1,1
425,2,5,5,5
554,4,0,0,0
595,4,4,0,5
1830,3,1,4,6
975,0,0,4,0
1512,3,1,6,1
939,0,0,4,0
1510,0,0,2,4
1447,4,0,4,0
1855,3,6,1,6
580,4,0,4,0
212,3,3,1,3
145,0,0,3,0
537,3,1,4,1
1048,0,0,0,0
273,0,0,1,0
1108,0,0,3,4
1846,0,0,4,0
631,0,0,4,0
1608,0,0,4,0
506,0,0,0,4
1080,0,0,6,0
3,3,1,4,1
1263,0,0,4,0
1085,0,0,6,0
666,0,0,6,0
365,0,4,3,4
216,3,3,4,3
48,3,1,6,1
56,3,1,0,1
73,3,3,4,3
1403,6,3,3,3
1323,5,2,5,2
582,5,2,5,5
377,5,2,5,2
1115,6,1,1,1
369,1,1,1,1
1297,1,1,1,1
1097,2,5,5,5
228,1,1,1,3
1027,2,5,2,5
67,1,1,1,1
394,5,2,5,2
25,1,1,1,1
1841,5,2,5,5
812,4,4,4,4
989,1,1,1,3
86,2,5,2,5
1684,5,2,5,5
953,5,2,5,2
1202,2,2,5,5
988,2,2,5,5
1745,4,0,3,4
1304,2,2,5,2
1279,2,2,2,2
1719,4,0,3,4
274,1,1,1,1
508,5,5,5,5
1343,1,1,1,1
363,5,5,2,2
1809,4,0,0,0
623,1,1,4,1
7,1,1,3,3
1469,5,2,5,2
312,1,3,1,3
1839,1,1,1,6
1285,4,0,6,0
983,0,4,1,0
28,0,0,4,4
1340,2,0,6,4
526,0,0,3,4
1712,2,2,5,2
1010,1,1,1,3
639,1,1,6,1
303,1,4,4,0
719,1,3,1,3
692,1,1,4,3
1467,1,1,6,6
1269,2,5,5,5
625,1,1,6,1
8,4,4,0,0
257,1,1,1,3
804,0,0,4,0
26,0,4,6,4
337,1,3,4,3
573,1,1,1,6
1382,5,5,2,2
107,1,1,1,1
350,1,3,6,3
239,0,0,4,0
214,0,0,4,4
121,0,0,4,0
1665,0,0,4,0
1238,0,4,4,4
794,4,0,4,0
923,3,1,3,1
813,5,5,5,5
1612,4,0,3,1
78,0,0,4,0
945,1,4,1,4
1051,1,1,1,1
46,3,1,1,3
1566,3,1,1,1
524,4,4,3,4
233,0,0,1,0
645,0,0,3,0
1449,3,3,1,6
534,5,2,5,2
604,2,2,5,5
1132,3,3,4,1
1490,0,0,6,0
61,0,0,4,0
1180,3,1,1,1
93,0,0,4,0
667,5,2,5,5
281,4,0,3,1
1042,2,2,2,2
360,2,0,4,0
1842,5,2,5,5
1861,2,2,2,2
848,3,1,4,1
111,3,1,1,3
43,0,0,4,0
126,4,0,3,0
53,2,2,5,2
1448,0,0,6,0
184,4,0,4,0
138,4,0,3,0
133,4,0,6,0
81,0,0,6,0
1442,3,3,4,3
542,4,0,3,0
1494,0,0,4,0
984,4,0,3,0
166,0,0,4,4
249,0,0,3,4
447,0,0,4,0
1076,0,0,4,4
859,4,4,0,4
98,0,0,6,0
1840,2,2,2,2
1177,0,0,4,0
919,3,1,4,6
1603,2,2,2,2
1565,3,0,6,4
763,3,3,1,1
990,0,0,4,0
389,3,0,4,2
1656,0,0,4,0
268,3,1,1,6
674,0,0,3,0
250,0,0,1,0
34,0,0,0,4
449,6,1,6,1
717,0,0,4,4
1420,0,0,1,0
1047,0,4,6,4
771,0,0,4,0
1217,0,0,4,4
1324,0,0,4,0
1824,0,0,4,0
1232,0,0,0,0
1628,1,1,1,1
1284,5,2,5,2
205,1,1,1,1
546,1,1,4,1
69,5,2,5,5
1064,5,5,5,5
900,1,1,1,1
797,1,1,1,1
1134,4,4,4,4
738,1,3,1,3
103,4,0,4,0
435,1,1,1,3
75,4,4,4,4
1674,1,1,1,1
1125,1,1,1,3
1518,1,1,1,3
236,4,0,0,0
1112,3,3,1,3
118,1,1,1,3
1504,3,1,1,1
1356,5,5,5,5
95,3,1,6,1
1367,1,3,1,1
1563,4,0,3,0
1746,3,3,4,3
1,1,1,6,1
1282,1,1,1,1
1102,1,0,4,0
83,5,5,5,5
1203,4,0,4,0
677,5,5,5,5
1663,2,5,2,5
1138,1,1,1,1
1487,5,5,4,5
1481,3,3,1,3
1792,5,5,5,2
405,1,1,1,1
1616,3,1,1,1
1211,3,3,6,3
105,5,5,5,5
689,3,3,6,1
827,3,3,1,3
63,5,5,2,2
853,5,2,5,2
1413,2,2,5,5
224,5,5,5,2
146,5,5,5,5
1089,4,0,4,0
374,4,0,3,0
1482,3,3,1,3
1499,5,5,5,2
10,4,4,6,4
450,1,0,6,4
709,1,1,4,1
256,2,2,5,2
883,0,4,4,4
390,4,0,4,0
909,0,4,3,4
925,0,0,6,4
1596,2,5,5,5
1741,0,0,3,0
461,0,0,4,0
1186,0,0,1,0
959,0,0,4,0
502,5,5,2,5
740,2,5,2,5
1760,0,0,4,0
869,0,0,0,0
732,0,0,4,1
540,0,0,4,0
698,0,0,4,4
1804,4,0,3,4
1650,0,0,4,0
1146,4,0,3,0
1032,3,3,4,1
373,0,4,6,2
668,2,2,2,2
1428,0,0,4,0
358,3,1,4,1
968,0,4,3,0
784,0,0,4,0
736,4,0,3,4
971,2,2,5,5
1615,3,1,6,1
1506,1,1,1,1
1426,4,0,4,0
1393,0,0,0,0
1783,3,1,4,1
1607,0,0,3,0
80,2,5,2,5
1173,1,5,3,1
815,2,2,5,5
1542,0,4,4,4
58,0,4,4,5
134,4,0,4,0
1141,0,0,4,4
1577,4,0,4,0
505,1,1,1,1
348,0,4,4,4
387,0,0,0,0
1025,2,2,2,2
829,4,0,4,0
1394,0,0,4,0
1302,0,0,4,0
173,0,0,1,0
1150,1,1,1,3
39,2,2,5,5
714,0,0,6,0
91,2,5,2,2
1805,0,0,4,0
1259,1,3,1,3
1270,1,3,3,3
1825,0,0,6,4
500,0,0,3,0
1189,1,3,1,3
946,0,0,4,0
170,0,0,1,0
1352,2,2,2,2
1033,2,5,2,5
588,0,0,6,0
751,0,0,0,0
658,0,0,1,0
1528,0,0,3,4
1157,0,0,4,0
1210,2,5,5,5
1066,0,0,1,3
109,6,1,1,6
1049,2,0,4,4
1567,2,2,2,2
1752,6,1,1,1
192,6,1,1,3
1036,5,5,5,5
886,3,3,6,1
672,3,3,4,1
1434,3,1,1,1
934,3,3,4,3
824,5,5,4,2
1658,5,2,5,2
895,3,1,3,1
1765,4,0,0,0
476,5,2,5,5
653,5,2,5,5
876,3,3,4,1
1094,4,4,4,4
1156,5,5,2,2
339,5,5,5,5
29,1,1,4,3
1234,1,1,4,1
1700,5,5,5,2
1198,4,4,3,4
913,5,5,5,2
492,4,0,4,0
954,1,1,3,1
1098,1,1,6,1
235,1,1,1,1
733,3,1,0,1
1477,1,1,1,3
1524,3,1,6,1
935,1,6,1,6
1443,1,1,6,3
569,0,0,0,4
1168,4,4,4,4
1175,0,0,3,0
891,1,1,1,1
948,1,0,4,0
1260,1,1,1,1
1335,4,0,4,0
1619,0,0,4,0
885,0,0,4,0
851,0,4,4,1
735,4,0,0,4
718,0,0,6,0
455,4,0,3,0
265,5,2,5,2
76,1,1,6,1
1553,5,4,4,0
445,0,0,4,0
396,0,0,4,0
177,2,2,2,2
1043,1,1,3,1
1624,4,4,4,0
1306,2,5,5,2
1286,5,2,2,2
596,2,5,5,5
62,4,0,4,4
873,1,1,1,1
1392,0,4,6,4
279,4,0,3,0
37,1,1,1,3
1418,0,0,6,0
663,5,2,5,5
1687,4,0,6,4
1348,2,2,5,5
978,0,0,4,4
1472,2,2,5,2
739,2,2,5,2
920,4,0,3,0
457,0,0,1,0
676,1,1,1,3
761,0,4,4,0
1848,1,1,6,1
729,1,3,1,3
413,1,1,1,1
1099,0,0,4,4
826,2,2,2,2
1511,0,0,1,0
617,2,2,5,2
115,5,5,2,5
418,0,0,4,0
1780,0,0,4,0
970,3,1,1,1
605,2,2,2,2
1787,2,2,2,2
90,5,5,5,5
849,4,0,3,0
1422,2,2,2,2
1786,1,1,4,1
754,3,1,1,6
499,3,1,4,1
1277,1,1,6,1
12,2,2,2,2
397,0,0,6,0
285,0,4,2,0
1067,1,3,1,1
1192,0,0,6,0
1631,0,0,4,4
691,2,2,5,2
1758,0,0,0,4
690,2,2,2,2
852,0,0,6,0
160,0,0,3,4
896,2,2,5,2
1476,1,1,6,1
258,0,0,6,0
336,0,0,3,0
1753,0,4,1,4
1040,1,3,3,3
516,4,0,4,4
1016,4,0,6,4
1633,0,0,6,5
1204,3,1,3,3
1371,4,0,3,2
522,0,0,4,4
23,0,0,4,0
357,1,1,1,1
1278,0,0,4,0
1313,2,2,2,2
1576,1,1,1,1
341,2,2,5,2
432,6,1,1,1
1228,0,4,3,0
1495,0,0,4,0
1012,0,0,3,0
94,0,0,4,0
1071,0,0,6,4
1093,0,0,4,0
1309,0,0,4,0
697,3,1,4,1
154,0,0,4,0
1213,3,1,1,1
921,6,1,6,3
1128,6,0,4,0
1527,5,5,4,5
769,5,2,5,2
762,5,5,5,5
1247,5,2,5,2
1850,4,4,4,4
474,2,5,2,5
218,1,3,1,6
912,4,4,4,0
1816,4,0,3,4
1009,4,0,4,0
1708,1,1,1,1
1675,1,1,3,1
997,1,1,1,1
1100,0,0,4,0
1610,4,0,3,0
1864,1,1,4,1
790,0,0,4,0
581,5,5,5,2
704,4,4,0,4
1296,0,0,0,0
1561,5,5,4,5
1261,4,0,3,0
488,0,0,4,0
560,1,1,4,3
1142,0,0,4,0
1120,0,0,6,0
802,0,0,6,0
513,2,5,2,5
634,0,0,6,4
1381,5,2,5,2
1670,2,2,5,2
1151,1,1,1,1
791,5,5,5,5
117,4,0,3,0
741,2,5,2,5
1583,1,0,6,4
1082,0,0,4,0
831,0,0,6,4
120,2,5,2,2
657,2,2,2,2
1777,0,0,4,0
636,2,2,5,2
370,0,0,6,0
269,2,5,5,2
656,1,0,4,4
936,1,1,1,1
823,4,0,3,0
867,4,0,0,0
47,0,4,4,4
1374,0,0,4,0
1600,1,1,6,1
992,3,1,6,1
877,5,5,5,2
774,0,0,6,0
1220,2,2,5,2
1866,0,0,4,0
5,1,1,1,1
1004,2,2,5,2
1613,4,0,4,0
264,0,0,4,2
1470,2,5,5,5
1709,1,1,3,1
444,1,1,4,3
1003,0,4,1,4
1078,0,4,6,4
838,0,0,6,0
1673,1,1,3,3
305,1,1,4,1
1366,1,1,1,1
1458,1,1,1,1
314,0,4,4,0
150,4,4,4,0
1149,2,2,2,2
1214,0,0,1,0
575,4,0,4,0
51,1,1,6,1
1453,1,1,4,3
727,0,0,4,0
834,3,1,1,3
1378,4,0,4,0
1116,3,1,4,6
1167,2,5,2,5
471,1,0,4,0
972,4,0,3,0
654,3,3,3,3
400,1,1,1,1
512,3,3,3,3
321,3,1,1,1
20,0,0,1,0
685,2,5,5,2
36,2,5,2,5
903,1,1,1,1
828,4,0,0,0
1678,3,3,1,3
408,0,4,2,4
538,0,0,6,0
759,0,0,3,0
1063,1,1,6,1
1200,1,1,4,3
246,0,0,6,4
1417,0,0,6,0
785,3,1,4,1
490,1,1,1,6
155,0,0,4,4
962,5,5,5,5
854,3,3,1,1
1312,1,1,1,1
686,3,1,1,1
570,5,2,5,2
1778,0,0,2,0
18,5,5,5,5
128,5,2,5,5
1347,2,2,5,5
1280,0,0,6,0
981,0,0,3,0
1831,0,0,6,0
191,0,0,4,0
1140,0,4,4,4
1552,0,4,4,0
607,0,0,4,0
1588,3,1,1,3
17,3,1,4,1
1073,5,5,4,2
547,5,2,5,2
1755,5,5,5,2
798,3,1,4,1
1389,3,1,4,1
1761,6,3,1,6
641,6,1,6,1
955,6,1,6,3
1629,4,0,0,0
626,1,1,6,6
1462,1,1,6,1
1835,4,0,3,1
928,4,0,4,0
993,2,5,2,2
1822,4,4,3,4
181,0,0,6,0
302,1,1,6,6
497,2,2,5,5
1601,0,0,4,0
1557,1,1,6,1
1630,0,0,4,4
518,4,0,4,4
1851,1,1,6,6
1070,4,0,6,4
477,1,1,4,3
158,1,3,6,1
1244,1,3,6,6
1196,0,0,6,4
1838,4,0,4,0
659,0,0,0,0
1522,0,0,3,0
1020,4,0,3,0
1558,0,0,6,0
960,1,3,6,3
284,2,2,5,2
1736,2,5,5,2
226,0,0,6,0
27,4,0,4,0
1654,1,1,6,1
438,2,2,5,2
1815,0,4,6,0
230,0,4,3,0
38,5,5,5,5
750,0,0,0,0
1046,3,1,6,1
1399,1,3,6,3
470,0,0,6,0
1828,0,0,4,4
1834,0,0,4,0
688,4,4,3,0
1720,1,1,6,3
640,2,2,5,2
1604,5,0,6,4
1219,1,1,6,1
1159,1,3,6,3
1416,3,1,6,1
1551,2,5,2,5
1301,0,0,4,0
1702,1,1,6,1
801,0,4,4,4
161,2,2,5,5
957,4,0,3,4
1187,3,3,6,3
822,4,0,4,0
1575,1,3,6,3
878,4,0,3,0
914,3,1,4,1
153,0,0,6,0
1714,2,2,2,2
1660,3,3,3,3
510,4,0,6,4
1136,3,1,4,1
1251,1,1,6,1
1559,4,0,4,1
104,0,0,3,4
1446,1,3,4,3
1444,3,1,6,1
587,5,5,2,5
1652,2,2,5,2
1144,5,2,5,2
54,0,0,6,0
152,5,2,5,5
404,5,5,5,2
1810,0,0,4,0
208,2,2,5,2
1767,3,1,6,1
1123,1,3,6,1
1636,4,0,3,0
9,2,2,5,2
1015,5,2,5,2
1677,5,2,5,5
1061,1,3,6,3
453,0,4,4,4
1328,0,0,4,0
897,0,4,4,4
881,3,1,6,1
624,5,2,5,2
1595,5,5,5,2
1322,2,5,2,5
1439,1,1,6,1
151,1,1,3,1
473,1,3,6,3
1849,5,2,5,2
1756,0,4,2,4
489,1,3,6,1
1692,5,2,5,2
1172,0,0,6,3
147,0,0,6,4
1797,2,2,2,2
403,3,1,4,1
1763,0,0,3,4
660,1,3,3,3
1373,0,0,2,0
464,1,1,6,3
1350,2,2,5,2
187,0,0,4,0
1148,2,2,5,2
1225,3,1,4,1
609,1,1,6,1
752,0,0,4,0
1535,5,5,5,5
280,0,4,4,0
1703,0,0,4,0
203,0,0,4,0
247,0,0,3,4
1427,6,3,6,3
1643,5,0,6,0
642,3,3,4,6
2,0,0,4,4
113,6,1,3,1
699,0,0,4,4
1784,0,0,6,0
1635,3,3,6,3
1411,3,1,6,1
1534,0,4,0,4
1689,5,5,5,5
1258,5,2,5,5
398,6,1,6,1
254,4,4,4,4
1622,4,0,1,0
346,4,0,3,0
263,4,4,4,4
551,4,0,3,0
929,4,0,3,0
1597,4,0,2,4
144,1,1,1,1
982,4,0,3,4
198,1,1,6,1
884,4,0,4,0
294,2,2,2,2
401,4,4,1,4
123,4,0,4,4
1208,4,0,4,0
1463,4,0,0,0
836,1,1,1,1
1440,1,1,1,3
1773,4,0,3,0
1754,1,1,6,1
1154,1,1,6,6
385,2,2,2,2
855,1,1,6,3
1590,2,2,5,2
220,2,2,2,2
952,2,2,2,2
1410,1,1,3,1
1292,2,2,5,2
442,1,1,6,1
1521,3,1,4,1
1137,0,0,3,0
1257,0,4,1,0
1739,1,1,6,1
1632,3,1,4,3
1398,0,0,1,4
664,0,0,6,0
1713,1,1,6,1
1657,5,2,5,2
318,0,0,1,0
649,2,5,5,2
1435,1,3,6,1
1480,0,0,0,0
710,1,1,6,1
1383,5,5,5,5
1283,1,3,3,1
973,0,0,0,0
628,0,0,4,0
633,1,3,3,3
1307,0,0,3,4
1401,0,0,4,0
1409,5,2,5,2
1249,0,0,4,0
1819,0,0,3,0
1255,1,1,6,1
1497,0,0,1,3
1372,0,0,1,0
1530,3,3,6,3
1355,0,0,0,4
1794,5,5,5,5
1772,0,0,4,0
1644,5,5,5,5
1860,2,2,2,5
796,0,0,0,4
646,3,3,4,1
1013,0,0,1,4
1716,3,1,6,1
557,1,1,6,1
682,0,0,4,4
578,0,0,4,0
1110,0,0,3,0
1267,4,0,4,0
1184,1,1,3,1
525,0,4,3,4
1060,1,1,6,1
541,2,2,2,2
1195,4,0,4,0
1679,2,2,5,2
749,4,0,3,0
1728,2,5,2,5
485,2,5,2,5
96,0,0,3,4
1021,2,2,2,2
564,1,1,6,3
1265,2,2,5,2
743,2,2,5,5
864,3,3,0,3
1599,0,0,3,0
1485,0,0,4,0
892,0,0,4,0
1578,5,5,5,2
1039,0,0,4,0
207,1,1,1,1
393,2,5,2,5
795,5,2,5,5
767,0,4,6,0
1718,0,0,2,4
1242,3,1,6,1
1029,0,0,0,0
643,1,1,1,1
961,0,0,4,0
726,3,1,0,1
684,1,1,6,1
99,5,5,5,5
1598,1,1,1,1
407,1,1,6,6
503,0,0,3,0
1072,3,1,3,1
1057,0,0,3,0
930,5,5,5,5
1052,1,1,1,3
41,1,1,3,3
1018,6,3,3,3
231,0,0,6,0
1514,0,0,1,0
379,3,1,6,1
289,3,3,1,3
1699,3,3,4,1
593,5,2,5,2
1523,3,1,3,3
1163,0,0,0,0
1087,0,0,4,4
1496,5,0,1,0
648,0,0,3,1
217,5,5,5,2
338,3,1,3,6
296,5,5,5,5
1726,5,5,5,2
1486,6,1,3,1
202,5,2,5,2
1026,5,2,5,2
1431,4,0,3,0
871,4,0,0,0
1764,2,2,5,5
613,4,0,1,4
1571,2,2,5,2
805,4,0,1,0
780,4,0,0,0
201,4,0,3,0
135,2,0,4,4
419,1,1,6,3
392,2,5,5,2
1153,4,0,3,0
1368,1,1,3,1
521,4,0,4,0
65,0,0,1,0
15,1,3,6,1
1181,0,0,4,4
1065,1,3,6,3
493,0,0,4,0
380,1,1,1,3
188,2,2,5,2
764,4,0,4,0
792,0,0,0,0
1077,1,3,6,1
879,0,0,1,0
720,0,0,1,0
1749,0,0,4,4
1017,3,1,6,1
1276,1,3,6,3
1751,3,1,1,1
456,1,3,1,3
1863,2,2,5,2
816,3,3,4,3
270,6,1,3,3
996,3,3,1,6
162,3,1,4,1
1580,1,1,6,3
730,2,2,2,5
402,1,1,1,3
703,1,3,3,6
1501,0,0,3,5
1130,0,0,3,0
566,2,2,5,2
1414,3,1,4,1
1022,3,1,6,1
1412,5,2,5,5
1586,2,2,5,2
1105,3,1,4,1
206,1,1,1,1
35,2,2,5,2
776,1,1,1,1
509,5,5,5,5
1452,0,0,4,4
1479,0,0,4,0
1837,0,4,1,4
1391,5,2,5,2
92,1,3,6,3
1364,0,0,1,4
898,0,0,4,0
565,5,2,5,5
1370,0,0,1,0
777,5,2,5,2
242,5,2,5,2
14,0,0,4,0
316,2,2,2,2
601,3,1,4,1
388,1,1,3,1
1298,0,0,4,4
167,1,3,6,3
841,0,0,4,4
21,2,2,5,2
647,5,5,5,5
1509,3,1,3,1
1155,4,0,1,0
1529,5,2,5,5
832,4,4,4,4
1268,0,0,4,0
1591,0,0,4,4
563,0,0,4,0
1818,0,0,6,0
687,1,1,6,1
958,5,5,2,5
190,4,0,0,0
1807,2,5,2,5
976,1,1,6,1
700,0,0,3,0
1500,1,1,6,1
1706,0,0,3,0
511,0,0,4,0
1083,0,0,1,0
475,1,1,1,1
1585,2,5,5,5
857,2,5,2,5
748,1,0,1,0
253,0,0,3,0
22,0,0,4,0
1338,0,0,4,0
460,5,2,5,2
1185,3,1,6,1
277,0,0,2,5
956,1,3,0,1
1216,2,2,2,2
386,0,0,4,0
806,1,1,6,1
1438,4,0,0,4
1516,0,0,4,4
344,0,0,4,0
770,0,0,4,4
1333,5,5,2,5
1686,5,5,5,5
131,1,1,6,3
1688,5,5,5,5
872,0,4,1,4
1124,0,0,0,0
1397,0,0,4,0
88,5,2,5,5
1483,3,1,4,1
331,3,1,4,3
1239,4,0,0,4
467,1,1,1,1
122,0,0,3,4
1639,6,3,0,3
1045,3,3,6,1
1725,5,2,5,5
1096,4,4,4,4
1131,1,3,6,3
1295,1,3,3,1
861,4,4,1,0
1460,5,5,5,5
1127,4,0,4,0
