,y_val,KNN_pred,QDA_pred,LR_pred,RF_pred,SVC_pred,LDA_pred
1377,0,0,0,0,0,0,0
209,5,5,5,5,5,5,5
1310,0,0,0,0,0,0,0
1461,2,2,2,2,2,2,2
59,2,2,2,2,2,6,2
1694,0,0,0,0,0,0,0
1478,0,0,0,0,0,0,0
364,5,5,5,5,5,5,5
1164,0,0,0,0,0,0,0
594,0,0,0,0,0,0,0
1050,5,1,1,5,1,5,1
1776,1,6,1,0,1,0,1
1139,0,0,0,0,0,0,0
742,2,2,2,2,2,2,2
1359,0,0,0,0,0,6,0
1757,1,1,3,3,1,4,1
119,0,2,0,0,0,0,0
1169,4,0,0,4,0,6,0
675,4,4,4,4,4,4,4
523,5,5,5,5,5,5,5
514,1,3,3,4,3,4,3
82,5,5,5,5,5,5,5
1081,4,4,4,4,4,4,4
893,1,1,3,5,1,4,1
381,1,1,1,1,1,6,1
1581,3,1,1,3,1,4,1
85,0,0,0,0,0,0,0
1711,5,1,1,5,3,5,1
330,2,2,2,2,2,2,2
977,4,4,4,4,4,4,4
1384,2,2,2,2,2,2,2
1038,0,0,0,0,0,0,0
967,0,0,0,0,0,0,0
1844,1,1,1,2,1,0,1
452,0,0,0,0,0,0,0
491,0,0,0,4,0,6,0
1649,2,2,2,2,2,2,2
288,0,0,0,0,0,0,0
803,1,1,1,3,1,6,1
1852,3,1,1,3,1,4,1
1275,4,4,4,4,4,4,4
1171,4,4,4,4,4,6,4
875,1,3,3,3,1,4,3
1362,0,0,0,0,0,0,0
775,2,2,2,2,2,2,2
811,0,0,0,0,0,0,0
1011,2,2,2,2,2,6,2
1546,5,5,5,5,5,5,5
328,5,1,1,5,1,5,1
1611,0,0,0,0,0,0,0
713,0,0,0,0,0,0,0
1000,0,0,0,0,0,0,0
1019,1,1,1,5,1,5,1
1858,3,1,1,3,1,6,1
178,1,1,1,1,1,0,1
906,1,3,3,3,1,3,3
695,0,0,0,0,0,0,0
87,2,2,2,2,2,2,2
1336,3,1,3,3,3,4,1
1771,4,4,4,4,4,4,4
458,0,0,0,0,0,0,0
55,5,3,1,5,1,5,3
1404,2,2,2,2,2,6,2
222,4,4,4,4,4,4,4
114,1,1,3,3,1,4,1
860,4,4,4,4,4,4,4
1541,0,0,0,0,0,0,0
974,5,5,5,5,5,5,5
175,5,5,5,5,5,5,5
846,5,5,5,5,5,5,5
590,0,0,0,0,0,6,0
1865,4,4,4,4,4,4,4
19,1,1,1,4,1,4,1
424,1,3,3,3,3,4,3
1538,4,4,4,4,4,4,4
286,3,1,1,5,1,5,1
1484,0,4,0,0,0,0,0
429,5,5,5,4,5,5,5
1782,2,2,2,2,2,2,2
1240,4,4,4,4,4,6,4
32,3,1,1,1,1,6,1
825,4,4,4,4,4,4,4
1574,1,1,1,4,1,4,1
215,5,5,5,5,5,5,5
1254,5,5,5,3,5,5,5
327,3,1,1,3,1,3,1
561,4,4,4,4,4,5,4
1041,5,5,5,5,5,5,5
1492,0,0,0,0,0,0,0
1114,4,0,4,4,0,6,0
342,2,2,2,2,2,6,2
630,1,3,3,5,3,4,1
148,1,1,1,6,1,1,1
361,0,0,0,0,0,0,0
84,1,1,1,6,1,0,1
49,1,1,1,6,1,0,1
469,0,0,0,4,0,6,0
156,2,2,2,2,2,2,2
1331,2,2,2,2,2,0,2
1503,2,2,2,2,2,0,2
1126,0,4,0,0,0,0,0
1526,1,3,1,3,3,4,1
501,1,1,6,1,1,6,1
180,1,3,3,5,1,5,3
1218,1,2,2,2,2,0,2
901,0,0,0,0,0,0,0
693,0,3,1,6,3,6,3
773,0,0,0,0,0,0,0
1517,5,5,5,5,5,5,5
529,1,1,1,6,1,0,1
347,5,5,5,5,5,5,5
1293,1,3,1,5,3,5,1
1827,1,6,3,1,3,6,1
716,5,5,5,5,5,5,5
1053,1,1,1,1,1,6,1
887,4,4,4,4,4,4,4
950,0,0,0,0,0,0,0
1671,4,4,4,4,4,5,4
1424,4,0,0,4,0,4,0
313,0,0,0,0,0,0,0
436,1,1,1,3,1,6,1
661,0,0,0,0,0,0,0
1084,0,0,0,0,0,0,0
1117,0,0,0,0,0,0,0
297,1,3,3,5,1,5,3
1215,0,0,0,0,0,0,0
1520,0,0,0,0,0,0,0
768,3,3,3,3,3,3,3
210,0,0,0,0,0,6,0
1560,3,3,3,3,3,4,3
1475,1,3,1,5,1,5,3
602,5,5,5,5,5,5,1
244,2,2,2,2,2,6,2
786,2,2,2,2,2,6,2
1770,5,5,5,5,5,5,5
820,4,4,4,4,4,3,4
309,2,2,2,2,2,2,2
431,5,1,1,5,1,5,3
371,4,4,4,4,4,6,4
567,1,2,2,2,2,0,2
1829,2,2,2,2,2,6,2
182,1,1,3,3,1,3,1
622,3,1,3,3,1,3,1
723,5,5,5,5,5,5,5
835,5,5,5,5,5,5,5
1717,1,1,1,3,1,3,1
1862,4,4,4,4,4,3,4
462,2,2,2,2,2,6,2
1103,2,2,2,2,2,2,2
378,1,1,1,6,1,0,1
106,1,1,3,3,3,3,1
127,2,2,2,2,2,6,2
1059,4,4,4,4,4,3,4
966,1,1,1,3,1,3,1
356,4,4,4,4,4,3,4
1729,1,1,1,6,1,0,1
683,1,1,1,3,1,3,1
1101,5,5,5,5,5,5,5
1722,5,5,5,5,5,5,5
141,1,1,1,6,1,0,1
1341,3,1,1,3,3,3,1
1162,0,0,0,6,0,6,0
1290,0,0,0,0,0,0,0
1579,0,0,0,0,0,0,0
712,0,0,0,0,0,0,0
1183,4,4,4,4,4,5,4
1859,2,2,2,2,2,2,2
756,3,3,3,5,3,5,3
11,2,2,2,2,2,2,2
1587,0,0,0,0,0,0,0
1667,0,0,0,0,0,0,0
283,5,5,5,4,5,3,5
292,0,1,1,6,1,0,1
627,0,0,0,4,0,6,0
1437,5,5,1,5,5,5,3
758,4,4,4,4,4,6,0
130,5,5,5,5,5,5,5
1106,1,3,3,3,3,3,3
324,5,5,5,5,5,5,5
1014,3,1,1,3,1,3,1
744,4,4,4,4,4,3,4
844,3,3,3,3,3,3,3
1740,1,3,3,3,3,3,3
1327,5,5,5,5,5,5,1
1325,4,4,4,4,4,3,4
696,3,6,3,1,6,6,3
985,4,4,4,4,4,6,4
938,1,1,1,6,1,0,1
159,0,0,0,0,0,0,0
866,1,1,1,6,1,0,1
635,5,5,5,5,5,5,5
517,1,3,3,4,3,3,1
1332,3,3,3,5,3,5,3
598,2,2,2,2,2,6,2
196,0,0,0,0,0,0,0
1539,1,6,1,0,1,0,1
766,5,5,5,3,5,5,5
411,1,1,1,6,1,0,1
97,4,4,4,4,4,3,4
1531,3,3,1,3,1,3,1
1007,0,0,0,0,0,0,0
157,4,4,4,4,4,3,4
420,2,2,2,2,2,2,2
1513,4,4,4,4,4,6,4
478,0,0,0,0,0,0,0
916,3,3,3,3,3,3,3
669,2,2,2,2,2,2,2
1464,0,0,0,0,0,0,0
964,3,1,3,3,3,3,3
1212,4,4,4,4,4,3,4
448,0,5,0,0,0,0,0
1147,0,0,0,0,0,0,0
179,0,1,1,1,1,0,1
391,4,4,4,4,4,3,4
579,3,1,3,3,1,3,1
1395,0,0,0,4,0,6,0
1693,1,1,1,6,1,0,1
1540,1,1,1,4,1,3,1
1321,4,4,4,4,4,3,4
910,1,1,1,6,1,0,1
862,5,5,5,3,5,5,5
949,0,0,0,0,0,0,0
665,1,1,3,3,1,3,1
143,0,0,0,0,0,0,0
1419,0,0,0,0,0,0,0
1845,4,4,4,4,4,6,4
422,1,1,1,3,1,3,1
637,0,0,0,0,0,0,0
1311,3,1,1,4,1,3,1
1466,2,2,2,2,2,2,2
295,2,2,2,2,2,2,2
1774,0,0,0,0,0,0,0
89,2,2,2,2,2,2,2
42,2,2,2,2,2,0,2
1802,3,3,3,3,3,3,3
132,1,1,1,5,1,5,1
1582,1,1,1,1,1,0,1
986,0,0,0,0,0,0,0
1730,0,0,0,0,0,0,0
165,0,0,0,0,0,0,0
1853,1,3,1,3,1,3,1
779,1,3,3,3,3,3,3
349,0,0,0,0,0,0,0
1421,0,0,0,0,0,0,0
1661,0,3,1,1,3,6,1
1491,3,3,3,3,3,3,3
899,0,0,0,0,0,0,0
817,0,0,0,4,0,6,0
1732,0,0,0,0,0,0,0
1054,0,0,0,0,0,0,0
329,0,0,0,0,0,0,0
927,1,3,1,3,1,3,1
1621,0,0,0,0,0,0,0
650,0,0,0,0,0,0,0
259,0,0,0,0,0,0,0
139,0,0,0,4,0,6,0
1209,0,0,0,0,0,0,0
140,0,0,0,0,0,0,0
787,0,0,0,0,0,0,0
1609,0,0,0,0,0,6,0
1028,0,0,0,0,0,0,0
1179,0,0,0,0,0,0,0
1346,3,6,1,1,1,6,1
616,5,5,5,5,5,5,5
1493,4,4,4,4,4,3,4
1683,2,2,2,2,2,2,2
998,4,4,4,4,4,5,4
1655,3,1,3,3,1,3,1
725,5,5,5,5,5,5,5
291,4,4,4,4,4,3,4
1768,1,1,1,3,1,6,1
894,3,1,1,3,1,3,3
572,4,4,4,4,4,3,4
1759,3,1,3,3,1,3,1
1227,1,1,1,4,1,3,1
459,4,4,4,4,4,3,4
376,1,1,1,3,1,3,1
334,0,1,0,0,0,1,0
1738,1,1,3,3,1,3,1
1666,5,5,5,5,5,5,5
1361,2,2,2,2,2,6,2
1262,0,4,4,4,4,6,4
882,4,4,0,4,4,3,0
1079,5,5,5,5,5,5,5
1798,3,2,2,2,2,3,2
319,3,3,3,3,3,3,3
1432,1,1,1,6,1,1,1
1266,5,1,3,5,1,5,3
168,2,2,2,2,2,3,2
13,2,2,2,2,2,2,2
172,0,4,0,0,0,1,0
261,5,5,5,5,5,5,5
1537,0,6,3,1,6,6,3
1314,1,1,1,5,1,5,1
673,0,3,0,0,0,0,0
845,2,2,2,2,2,2,2
1119,2,2,2,2,2,2,2
1715,1,1,1,5,1,5,1
550,4,4,4,4,4,3,4
1727,2,2,2,2,2,2,2
1429,0,1,1,6,1,1,1
1104,1,1,1,1,1,6,1
559,1,3,3,3,3,3,3
1623,3,3,3,3,3,3,3
532,2,2,2,2,2,2,2
225,1,1,1,3,1,6,1
724,4,4,4,4,4,3,4
965,1,1,1,3,1,3,1
410,2,2,2,2,2,0,2
326,5,5,5,5,5,5,5
300,1,1,1,3,1,3,1
1068,5,5,5,5,5,5,5
1408,0,0,0,0,0,1,0
1734,0,0,0,0,0,1,0
715,0,0,0,0,0,0,0
1250,1,1,3,5,1,3,1
194,0,0,0,0,0,0,0
441,1,1,3,4,1,3,3
574,0,0,0,0,0,0,0
504,5,5,5,5,5,5,5
606,1,1,3,3,3,6,3
1288,0,0,0,0,0,0,0
1091,0,0,0,0,0,0,0
1669,2,2,2,2,2,6,2
847,3,5,5,4,5,3,5
4,0,0,0,0,0,0,0
1145,0,0,0,0,0,6,0
468,5,5,5,5,5,5,5
322,2,2,2,2,2,3,2
6,0,0,0,0,0,0,0
223,3,1,3,3,1,3,1
548,5,5,5,5,5,5,5
229,5,5,5,3,5,5,5
40,0,0,0,0,0,0,0
543,0,0,0,0,0,1,0
243,5,5,5,5,5,5,5
1790,2,2,2,2,2,3,2
137,1,1,1,6,1,1,1
1425,5,5,5,5,5,5,3
1640,0,0,0,0,0,1,0
1473,1,1,6,6,1,0,1
907,5,5,5,5,5,5,5
830,2,2,2,2,2,2,2
446,2,2,2,2,2,2,2
843,0,0,0,0,0,0,0
1762,3,1,3,3,1,3,1
1197,0,0,0,0,0,0,0
1704,1,1,1,3,1,3,1
1648,0,0,0,0,0,0,0
1836,4,4,4,4,4,3,4
662,1,1,3,3,1,6,1
437,0,0,0,0,0,0,0
1731,0,0,0,0,0,1,0
1379,0,0,0,0,0,0,0
1133,4,4,4,4,4,3,4
315,4,4,4,4,4,6,4
443,4,0,0,4,0,3,0
1489,0,0,0,0,0,1,0
320,0,0,0,4,0,6,0
282,1,0,0,0,0,1,0
1769,2,2,2,2,2,2,2
1406,1,1,1,1,1,6,1
425,2,2,2,2,2,0,2
554,4,4,4,4,4,3,4
595,4,4,4,4,4,3,4
1830,1,3,3,5,3,5,3
975,0,0,0,4,0,6,0
1512,6,3,1,1,6,6,1
939,0,0,0,0,0,0,0
1510,0,0,0,0,0,0,0
1447,4,4,4,4,4,3,4
1855,4,3,3,3,3,6,3
580,4,4,4,4,4,3,4
212,3,3,1,3,1,3,1
145,0,0,0,0,0,1,0
537,3,3,3,5,3,5,3
1048,0,0,0,0,0,0,0
273,0,0,0,0,0,0,4
1108,0,0,0,0,0,1,0
1846,0,0,0,0,0,0,0
631,0,0,0,0,0,0,0
1608,0,0,0,0,0,0,0
506,0,0,0,0,0,0,0
1080,0,0,0,0,0,0,0
3,1,3,3,5,3,5,3
1263,0,0,0,0,0,0,0
1085,0,0,0,0,0,1,0
666,0,0,0,1,0,6,0
365,0,0,0,0,0,0,0
216,3,3,3,5,3,5,3
48,0,3,1,1,3,6,1
56,3,3,3,3,3,3,3
73,1,3,3,3,3,3,3
1403,6,6,3,3,6,6,3
1323,5,5,5,5,5,5,5
582,5,5,5,4,5,5,5
377,5,5,5,3,5,5,5
1115,0,6,1,1,1,0,1
369,1,1,1,6,1,0,1
1297,3,1,1,3,1,3,1
1097,2,2,2,2,2,3,2
228,1,1,1,6,1,0,1
1027,2,2,2,2,2,2,2
67,1,1,1,6,1,0,1
394,5,5,5,5,5,5,5
25,0,1,1,1,1,0,1
1841,5,5,5,5,5,5,5
812,4,4,4,4,4,3,4
989,1,1,1,6,1,0,1
86,2,2,2,2,2,2,2
1684,5,5,5,3,5,3,5
953,5,5,5,5,5,5,5
1202,2,2,2,2,2,2,2
988,2,2,2,2,2,2,2
1745,0,4,4,4,4,6,4
1304,1,2,2,2,2,3,2
1279,2,2,2,2,2,6,2
1719,4,4,4,4,4,6,4
274,5,1,1,5,1,5,1
508,5,5,5,5,5,5,5
1343,3,1,1,3,1,3,1
363,5,5,5,5,5,5,5
1809,4,4,4,4,4,3,4
623,3,1,3,3,3,3,3
7,1,1,1,5,1,3,1
1469,5,5,5,5,5,5,5
312,0,1,1,6,1,0,1
1839,1,1,6,0,1,0,1
1285,4,4,4,4,4,6,4
983,0,0,0,0,0,0,0
28,4,0,0,4,0,6,0
1340,0,2,0,0,0,0,0
526,0,0,0,0,0,0,0
1712,2,2,2,2,2,2,2
1010,1,1,3,3,1,3,1
639,1,1,1,5,1,5,1
303,0,1,0,0,0,0,0
719,1,1,1,6,1,0,1
692,1,1,3,3,1,6,3
1467,1,1,1,0,1,0,1
1269,2,2,2,2,2,6,2
625,1,1,1,3,1,3,1
8,4,4,4,4,4,3,4
257,6,1,1,1,1,6,1
804,0,0,0,0,0,0,0
26,0,0,0,4,0,6,0
337,1,1,1,3,1,3,3
573,3,1,3,5,1,3,3
1382,5,5,5,5,5,5,5
107,3,1,3,3,1,3,1
350,1,1,1,3,1,3,1
239,0,0,0,0,0,6,0
214,0,0,0,0,0,0,0
121,0,0,0,0,0,0,0
1665,0,0,0,0,0,6,0
1238,0,0,0,0,0,0,0
794,4,4,4,4,4,3,4
923,3,3,3,3,3,3,3
813,5,5,5,4,5,5,5
1612,4,4,4,4,4,3,4
78,0,0,0,0,0,6,0
945,0,1,0,0,0,0,0
1051,1,1,1,6,1,0,1
46,3,3,3,3,3,6,1
1566,3,3,3,3,3,3,3
524,4,4,4,4,4,6,4
233,0,0,0,0,0,0,0
645,0,0,0,0,0,0,0
1449,1,3,3,3,6,3,3
534,5,5,5,5,5,5,5
604,2,2,2,2,2,3,2
1132,3,3,3,3,3,3,3
1490,0,0,0,0,0,0,0
61,0,0,0,0,0,6,0
1180,1,3,3,3,3,3,3
93,0,0,0,0,0,6,0
667,5,5,5,5,5,5,5
281,4,4,4,4,4,6,4
1042,1,2,2,2,2,6,2
360,4,2,0,4,0,3,0
1842,5,5,5,5,5,5,5
1861,2,2,2,2,2,6,2
848,1,3,3,3,3,3,3
111,0,3,1,1,3,2,1
43,0,0,0,0,0,0,0
126,4,4,4,4,4,3,4
53,2,2,2,2,2,2,2
1448,0,0,0,0,0,0,0
184,4,4,4,4,4,5,4
138,4,4,4,4,4,3,4
133,4,4,4,4,4,3,4
81,0,0,0,0,0,0,0
1442,1,3,3,4,3,5,3
542,4,4,4,4,4,3,4
1494,0,0,0,0,0,0,0
984,4,4,4,4,4,3,4
166,0,0,0,0,0,0,0
249,0,0,0,0,0,0,0
447,4,0,4,4,0,6,0
1076,0,0,0,0,0,0,0
859,4,4,4,4,4,3,4
98,0,0,0,4,0,6,0
1840,2,2,2,2,2,2,2
1177,0,0,0,0,0,0,0
919,1,3,3,3,3,3,3
1603,2,2,2,2,2,2,2
1565,0,3,0,4,0,6,0
763,3,3,3,3,3,3,1
990,0,0,0,0,0,0,0
389,0,3,0,0,0,0,0
1656,4,0,4,4,0,6,0
268,1,3,1,4,3,3,1
674,0,0,0,0,0,0,0
250,0,0,0,0,0,0,0
34,0,0,0,0,0,0,0
449,1,6,3,1,6,6,1
717,0,0,0,0,0,0,0
1420,1,0,0,0,0,0,0
1047,0,0,0,0,0,0,0
771,0,0,0,0,0,0,0
1217,0,0,0,0,0,0,0
1324,0,0,0,0,0,0,0
1824,0,0,0,0,0,0,0
1232,0,0,0,0,0,0,0
1628,1,1,1,3,1,3,1
1284,5,5,5,3,5,5,5
205,1,1,1,6,1,0,1
546,1,1,1,5,1,3,3
69,5,5,5,5,5,5,5
1064,5,5,5,5,5,5,5
900,0,1,1,6,1,0,1
797,1,1,1,0,1,0,1
1134,4,4,4,4,4,5,4
738,1,1,1,1,1,6,1
103,4,4,4,4,4,3,4
435,1,1,1,6,1,0,1
75,4,4,4,4,4,5,4
1674,0,1,1,6,1,0,1
1125,1,1,1,6,1,0,1
1518,1,1,1,1,1,6,1
236,4,4,4,4,4,3,4
1112,3,3,3,3,3,3,3
118,1,1,1,0,1,0,1
1504,3,3,3,3,3,3,3
1356,5,5,5,5,5,5,5
95,3,3,3,3,3,3,3
1367,1,1,1,5,1,5,1
1563,4,4,4,4,4,6,4
1746,1,3,1,3,3,3,3
1,1,1,3,3,1,3,1
1282,3,1,3,3,3,3,1
1102,0,1,0,0,0,0,0
83,5,5,5,5,5,5,5
1203,4,4,4,4,4,3,4
677,5,5,5,5,5,5,5
1663,2,2,2,2,2,2,2
1138,3,1,1,3,1,3,1
1487,5,5,5,5,5,5,5
1481,1,3,3,3,3,4,3
1792,5,5,5,5,5,5,5
405,1,1,1,1,1,6,1
1616,3,3,3,3,3,4,1
1211,3,3,3,3,3,4,1
105,5,5,5,5,5,5,5
689,3,3,3,3,1,3,1
827,3,3,1,1,3,6,1
63,5,5,5,5,5,5,5
853,5,5,5,5,5,5,5
1413,2,2,2,2,2,3,2
224,5,5,5,5,5,5,5
146,5,5,5,5,5,5,5
1089,4,4,4,4,4,4,4
374,4,4,4,4,4,4,4
1482,1,3,3,1,3,6,1
1499,5,5,5,5,5,5,5
10,4,4,4,4,4,3,4
450,0,1,0,0,0,0,0
709,3,1,3,3,1,4,3
256,2,2,2,2,2,0,2
883,0,0,0,0,0,0,0
390,4,4,4,4,4,3,4
909,0,0,0,0,0,0,0
925,0,0,0,0,0,0,0
1596,2,2,2,2,2,2,2
1741,0,0,0,0,0,0,0
461,0,0,0,0,0,0,0
1186,0,0,0,0,0,0,0
959,0,0,0,0,0,0,0
502,5,5,5,5,5,5,5
740,2,2,2,2,2,2,2
1760,0,0,0,0,0,0,0
869,0,0,0,0,0,0,0
732,0,0,0,0,0,0,0
540,0,0,0,0,0,0,0
698,0,0,0,0,0,0,0
1804,4,4,4,4,4,3,4
1650,0,0,0,0,0,0,0
1146,4,4,4,4,4,3,4
1032,1,3,3,5,3,5,3
373,0,0,0,0,0,0,0
668,2,2,2,2,2,2,2
1428,0,0,0,0,0,0,0
358,3,3,3,3,3,4,3
968,0,0,0,0,0,0,0
784,0,0,0,0,0,0,0
736,4,4,4,4,4,4,4
971,2,2,2,2,2,6,2
1615,3,3,3,3,3,3,3
1506,1,1,6,0,1,0,1
1426,4,4,4,4,4,3,4
1393,0,0,0,0,0,0,0
1783,3,3,1,4,3,4,3
1607,0,0,0,0,0,0,0
80,2,2,2,2,2,2,2
1173,1,1,1,3,1,3,1
815,1,2,2,2,2,3,2
1542,0,0,0,0,0,6,0
58,0,0,0,0,0,0,0
134,4,4,4,4,4,4,4
1141,0,0,0,0,0,0,0
1577,3,4,4,4,4,3,4
505,1,1,1,3,1,6,1
348,0,0,0,0,0,0,0
387,0,0,0,0,0,0,0
1025,2,2,2,2,2,2,2
829,4,4,4,4,4,3,4
1394,0,0,0,0,0,0,0
1302,0,0,0,0,0,0,0
173,0,0,0,0,0,0,0
1150,1,1,1,0,1,0,1
39,2,2,2,2,2,2,2
714,0,0,0,4,0,6,0
91,2,2,2,2,2,2,2
1805,0,0,0,0,0,0,0
1259,1,1,1,6,1,0,1
1270,2,1,1,2,1,0,1
1825,0,0,0,0,0,0,0
500,0,0,0,0,0,0,0
1189,1,1,1,6,1,0,1
946,0,0,0,0,0,0,0
170,0,0,0,0,0,0,0
1352,2,2,2,2,2,6,2
1033,2,2,2,2,2,2,2
588,0,0,0,0,0,0,0
751,0,0,0,0,0,6,0
658,0,0,0,0,0,0,0
1528,0,0,0,0,0,0,0
1157,0,0,0,0,0,0,0
1210,2,2,2,2,2,6,2
1066,0,0,0,0,0,0,0
109,0,6,6,6,6,0,1
1049,0,2,0,0,0,0,0
1567,2,2,2,2,2,0,2
1752,3,6,1,1,6,6,1
192,0,6,1,6,6,0,1
1036,5,5,5,5,5,5,5
886,0,3,1,1,3,6,1
672,1,3,3,3,3,3,3
1434,3,3,1,5,3,3,1
934,1,3,3,4,3,3,3
824,5,5,5,5,5,5,3
1658,5,5,5,5,5,5,5
895,3,3,3,5,3,3,3
1765,4,4,4,4,4,3,4
476,5,5,5,5,5,5,5
653,5,5,5,5,5,5,5
876,3,3,3,3,1,4,3
1094,4,4,4,4,4,3,4
1156,5,5,5,5,5,5,5
339,5,5,5,5,5,5,5
29,3,1,3,3,3,3,3
1234,1,1,1,4,3,5,3
1700,5,5,5,5,5,5,5
1198,4,4,4,4,4,6,4
913,5,5,5,5,5,5,5
492,4,4,4,4,4,5,4
954,3,1,3,3,3,3,3
1098,5,1,1,5,1,5,3
235,1,1,1,1,1,0,1
733,3,3,3,3,3,3,3
1477,1,1,1,5,1,5,1
1524,0,3,1,1,3,6,1
935,0,1,1,6,1,0,1
1443,3,1,3,3,3,3,1
569,0,0,0,0,0,0,0
1168,4,4,4,4,4,5,4
1175,0,0,0,0,0,0,0
891,1,1,1,5,1,5,1
948,0,1,0,0,0,0,0
1260,1,1,1,0,1,0,1
1335,4,4,4,4,4,3,4
1619,0,0,0,0,0,0,0
885,0,0,0,0,0,0,0
851,0,0,0,0,0,0,0
735,4,4,4,4,4,3,4
718,0,0,0,0,0,0,0
455,4,4,4,4,4,5,4
265,5,5,5,5,5,5,5
76,3,1,1,3,3,3,3
1553,0,5,0,0,0,0,0
445,0,0,0,0,0,0,0
396,0,0,0,0,0,0,0
177,2,2,2,2,2,0,2
1043,3,1,3,3,3,4,3
1624,4,4,4,4,4,5,4
1306,2,2,2,2,2,2,2
1286,5,5,5,3,5,5,5
596,2,2,2,2,2,3,2
62,4,4,4,4,4,3,4
873,0,1,1,1,1,0,1
1392,0,0,0,0,0,0,0
279,4,4,4,4,4,3,4
37,3,1,3,5,1,3,1
1418,0,0,0,0,0,0,0
663,5,5,5,5,5,5,5
1687,0,4,4,4,4,6,4
1348,2,2,2,2,2,6,2
978,0,0,0,0,0,0,0
1472,1,2,2,2,2,3,2
739,2,2,2,2,2,2,2
920,4,4,4,4,4,3,4
457,0,0,0,0,0,0,0
676,1,1,1,3,1,6,1
761,0,0,0,0,0,0,0
1848,1,1,1,1,1,6,1
729,0,1,1,1,1,0,1
413,1,1,1,6,1,0,1
1099,0,0,0,0,0,0,0
826,2,2,2,2,2,2,2
1511,0,0,0,0,0,0,0
617,2,2,2,2,2,6,2
115,5,5,5,5,5,5,5
418,0,0,4,0,0,6,0
1780,0,0,0,0,0,0,0
970,3,3,3,3,3,3,3
605,2,2,2,2,2,6,2
1787,2,2,2,2,2,2,2
90,5,5,5,5,5,5,5
849,4,4,4,4,4,5,4
1422,2,2,2,2,2,0,2
1786,3,1,3,3,3,3,3
754,0,3,1,6,3,6,3
499,3,3,3,3,3,3,3
1277,1,1,3,3,1,3,1
12,2,2,2,2,2,0,2
397,0,0,0,0,0,0,0
285,0,0,0,0,0,0,0
1067,1,1,3,5,1,5,3
1192,0,0,0,0,0,0,0
1631,0,0,0,0,0,0,0
691,2,2,2,2,2,2,2
1758,0,0,0,0,0,0,0
690,2,2,2,2,2,6,2
852,0,0,0,0,0,0,0
160,0,0,0,0,0,6,0
896,2,2,2,2,2,0,2
1476,1,1,1,0,1,0,1
258,0,0,0,0,0,0,0
336,0,0,0,0,0,0,0
1753,1,0,0,0,0,0,0
1040,1,1,1,3,1,3,1
516,4,4,4,4,4,3,4
1016,4,4,4,4,4,6,4
1633,0,0,0,0,0,0,0
1204,3,3,3,3,3,3,3
1371,4,4,4,4,4,6,4
522,0,0,0,0,0,6,0
23,0,0,0,0,0,0,0
357,1,1,1,6,1,0,1
1278,0,0,4,4,0,6,0
1313,2,2,2,2,2,2,2
1576,1,1,1,6,1,0,1
341,2,2,2,2,2,2,2
432,1,6,1,0,1,0,1
1228,0,0,0,0,0,0,0
1495,0,0,0,0,0,0,0
1012,0,0,0,0,0,0,0
94,4,0,4,4,0,6,0
1071,0,0,0,0,0,0,0
1093,4,0,4,4,0,6,0
1309,0,0,0,0,0,0,0
697,3,3,1,5,3,3,3
154,0,0,0,0,0,0,0
1213,3,3,1,5,3,5,1
921,0,6,1,0,1,0,1
1128,0,6,0,0,0,0,0
1527,5,5,5,5,5,5,5
769,5,5,5,5,5,5,5
762,5,5,5,4,5,5,5
1247,5,5,5,5,5,5,5
1850,4,4,4,4,4,3,4
474,2,2,2,2,2,0,2
218,0,1,1,6,1,0,1
912,4,4,4,4,4,3,4
1816,4,4,4,4,4,6,4
1009,4,4,4,4,4,3,4
1708,3,1,1,5,1,3,1
1675,3,1,3,3,1,3,1
997,1,1,1,6,1,0,1
1100,0,0,0,0,0,0,0
1610,4,4,4,4,4,6,0
1864,1,1,3,5,3,5,3
790,0,0,0,4,0,6,0
581,5,5,5,5,5,5,5
704,4,4,4,4,4,3,4
1296,0,0,0,0,0,0,0
1561,5,5,5,5,5,5,5
1261,4,4,4,4,0,6,0
488,0,0,0,0,0,0,0
560,5,1,3,5,1,5,3
1142,0,0,0,0,0,0,0
1120,0,0,0,0,0,0,0
802,0,0,0,0,0,0,0
513,2,2,2,2,2,2,2
634,0,0,0,0,0,0,0
1381,5,5,5,5,5,5,5
1670,2,2,2,2,2,2,2
1151,3,1,1,4,1,3,1
791,5,5,5,5,5,5,5
117,4,4,4,4,4,5,4
741,2,2,2,2,2,2,2
1583,0,1,0,0,0,0,0
1082,0,0,0,0,0,0,0
831,0,0,4,0,0,0,0
120,1,2,2,2,2,0,2
657,1,2,2,2,2,0,2
1777,4,0,0,4,0,6,0
636,2,2,2,2,2,2,2
370,0,0,4,4,0,6,0
269,2,2,2,2,2,2,2
656,0,1,0,0,0,0,0
936,1,1,1,4,1,3,3
823,4,4,4,4,4,3,4
867,4,4,4,4,4,3,4
47,0,0,0,0,0,0,0
1374,0,0,0,0,0,0,0
1600,1,1,3,3,3,3,3
992,3,3,3,3,3,3,3
877,5,5,5,4,5,3,5
774,0,0,0,0,0,0,0
1220,2,2,2,2,2,0,2
1866,4,0,4,4,4,3,0
5,1,1,1,0,1,0,1
1004,1,2,2,2,2,3,2
1613,4,4,4,4,4,3,4
264,0,0,0,0,0,0,0
1470,2,2,2,2,2,6,2
1709,1,1,3,3,1,3,3
444,1,1,1,3,3,3,3
1003,0,0,0,0,0,0,0
1078,0,0,0,0,0,0,0
838,0,0,0,0,0,0,0
1673,1,1,3,3,3,3,3
305,1,1,1,3,1,3,1
1366,1,1,1,1,1,0,1
1458,1,1,3,3,1,3,1
314,0,0,0,0,0,0,0
150,4,4,4,4,4,3,4
1149,2,2,2,2,2,2,2
1214,0,0,0,0,0,0,0
575,4,4,4,4,4,3,4
51,3,1,3,5,3,3,3
1453,1,1,1,3,1,3,3
727,0,0,0,4,0,6,0
834,3,3,3,3,1,3,1
1378,4,4,4,4,4,3,4
1116,3,3,3,3,3,3,3
1167,2,2,2,2,2,6,2
471,4,1,0,4,0,3,0
972,4,4,4,4,4,3,4
654,3,3,3,3,3,3,3
400,1,1,3,3,1,3,1
512,3,3,3,5,3,3,3
321,3,3,1,3,1,3,1
20,0,0,0,0,0,0,0
685,2,2,2,2,2,2,2
36,2,2,2,2,2,2,2
903,1,1,1,6,1,0,1
828,4,4,4,4,4,3,4
1678,1,3,3,5,3,5,1
408,0,0,0,0,0,0,0
538,0,0,0,0,0,0,0
759,0,0,0,0,0,0,0
1063,1,1,1,1,1,6,1
1200,1,1,3,3,1,6,3
246,0,0,0,0,0,0,0
1417,0,0,0,0,0,0,0
785,3,3,3,3,1,3,3
490,1,1,1,1,1,0,1
155,0,0,0,0,0,0,0
962,5,5,5,5,5,5,5
854,1,3,3,3,3,3,3
1312,1,1,1,3,1,3,1
686,1,3,1,3,1,6,1
570,5,5,5,5,5,5,5
1778,0,0,0,0,0,0,0
18,5,5,5,5,5,5,5
128,5,5,5,5,5,5,5
1347,2,2,2,2,2,0,2
1280,0,0,0,4,0,6,0
981,0,0,0,0,0,0,0
1831,4,0,4,4,0,6,0
191,0,0,0,0,0,0,0
1140,0,0,0,4,0,6,0
1552,0,0,0,0,0,0,0
607,0,0,0,0,0,0,0
1588,3,3,1,3,1,3,1
17,3,3,1,5,3,5,3
1073,5,5,5,5,5,5,1
547,5,5,5,3,5,5,5
1755,5,5,5,5,5,5,5
798,3,3,3,3,3,3,3
1389,3,3,3,3,3,3,3
1761,0,6,1,6,6,0,1
641,1,6,3,1,6,6,3
955,0,6,1,0,1,0,1
1629,4,4,4,4,4,3,4
626,1,1,1,6,1,0,1
1462,3,1,1,3,1,3,1
1835,4,4,4,4,4,3,4
928,4,4,4,4,4,5,4
993,1,2,2,2,2,0,2
1822,4,4,4,4,4,3,4
181,0,0,0,0,0,0,0
302,0,1,1,6,1,0,1
497,2,2,2,2,2,6,2
1601,0,0,0,0,0,0,0
1557,1,1,1,3,1,3,1
1630,0,0,0,0,0,0,0
518,4,4,4,4,4,3,4
1851,1,1,3,4,1,3,3
1070,4,4,4,4,4,3,4
477,3,1,3,3,3,3,3
158,0,1,1,6,1,0,1
1244,3,1,1,5,3,5,1
1196,0,0,0,0,0,0,0
1838,4,4,4,4,4,3,4
659,0,0,0,0,0,0,0
1522,0,0,0,0,0,0,0
1020,0,4,4,4,4,6,4
1558,0,0,0,0,0,0,0
960,3,1,3,4,1,3,1
284,2,2,2,2,2,2,2
1736,2,2,2,2,2,2,2
226,0,0,0,0,0,0,0
27,4,4,4,4,4,3,4
1654,1,1,1,6,1,0,1
438,2,2,2,2,2,3,2
1815,0,0,4,0,0,6,0
230,0,0,0,0,0,0,0
38,5,5,5,5,5,5,5
750,0,0,0,0,0,0,0
1046,3,3,3,1,3,6,1
1399,0,1,1,6,1,0,1
470,0,0,0,0,0,6,0
1828,0,0,0,0,0,0,0
1834,0,0,0,0,0,0,0
688,0,4,4,4,4,6,4
1720,1,1,1,6,1,0,1
640,2,2,2,2,2,2,2
1604,0,5,0,0,0,0,0
1219,1,1,1,6,1,0,1
1159,1,1,1,4,1,3,1
1416,1,3,1,3,1,3,1
1551,2,2,2,2,2,2,2
1301,0,0,0,0,0,0,0
1702,1,1,1,0,1,0,1
801,0,0,0,0,0,0,0
161,2,2,2,2,2,6,2
957,4,4,4,4,4,6,4
1187,3,3,3,3,3,3,3
822,4,4,4,4,4,3,4
1575,1,1,1,6,1,0,1
878,0,4,4,4,4,6,4
914,1,3,3,3,3,3,3
153,0,0,0,0,0,0,0
1714,2,2,2,2,2,2,2
1660,1,3,3,3,3,3,3
510,4,4,4,4,4,3,4
1136,1,3,3,3,3,3,3
1251,1,1,1,6,1,0,1
1559,4,4,4,4,4,3,4
104,0,0,0,0,0,0,0
1446,1,1,1,3,1,3,3
1444,3,3,3,3,1,3,1
587,5,5,5,5,5,5,5
1652,2,2,2,2,2,0,2
1144,5,5,5,5,5,5,5
54,0,0,0,0,0,0,0
152,5,5,5,5,5,5,5
404,5,5,5,5,5,5,5
1810,0,0,0,0,0,0,0
208,2,2,2,2,2,2,2
1767,0,3,1,1,3,6,1
1123,2,1,1,6,1,0,1
1636,4,4,4,4,4,3,4
9,2,2,2,2,2,0,2
1015,5,5,5,5,5,5,5
1677,5,5,5,5,5,5,5
1061,1,1,1,6,1,0,1
453,0,0,0,0,0,0,0
1328,0,0,0,0,0,0,0
897,0,0,0,4,0,6,0
881,3,3,3,5,3,3,1
624,5,5,5,5,5,5,5
1595,5,5,5,3,5,5,5
1322,2,2,2,2,2,2,2
1439,1,1,1,6,1,0,1
151,3,1,3,3,1,3,3
473,0,1,1,1,1,6,1
1849,5,5,5,5,5,5,5
1756,0,0,0,0,0,0,0
489,1,1,1,6,1,0,1
1692,5,5,5,5,5,5,5
1172,0,0,0,0,0,6,0
147,0,0,0,0,0,0,0
1797,2,2,2,2,2,6,2
403,3,3,3,3,3,3,3
1763,0,0,0,0,0,0,0
660,1,1,3,3,3,3,3
1373,0,0,0,0,0,0,0
464,1,1,6,0,1,0,1
1350,2,2,2,2,2,2,2
187,0,0,0,0,0,0,0
1148,2,2,2,2,2,2,2
1225,3,3,3,3,3,3,3
609,1,1,1,3,1,3,1
752,0,0,0,0,0,0,0
1535,5,5,5,5,5,5,5
280,0,0,0,0,0,0,0
1703,4,0,4,4,0,6,0
203,0,0,0,0,0,0,0
247,0,0,0,0,0,0,0
1427,6,6,3,3,3,6,1
1643,0,5,0,0,0,0,0
642,3,3,3,3,3,3,3
2,0,0,0,0,0,0,0
113,1,6,1,1,6,6,3
699,0,0,0,0,0,0,0
1784,0,0,4,4,0,6,0
1635,3,3,3,1,3,6,1
1411,1,3,3,4,3,3,1
1534,0,0,0,0,0,0,0
1689,5,5,5,5,5,5,5
1258,5,5,5,5,5,5,5
398,1,6,1,0,1,0,1
254,4,4,4,4,4,4,4
1622,0,4,4,4,4,6,4
346,4,4,4,4,4,4,4
263,4,4,4,5,4,5,4
551,4,4,4,4,4,4,4
929,4,4,4,4,4,6,4
1597,0,4,0,0,0,0,0
144,1,1,1,5,1,5,1
982,4,4,4,4,4,6,4
198,1,1,1,6,1,0,1
884,4,4,4,4,4,4,4
294,2,2,2,2,2,2,2
401,4,4,4,4,4,4,4
123,4,4,4,4,4,4,4
1208,4,4,4,4,4,4,4
1463,0,4,0,0,0,0,0
836,1,1,3,3,1,4,1
1440,3,1,1,3,1,4,1
1773,0,4,4,4,4,4,4
1754,5,1,1,5,1,5,1
1154,1,1,1,6,1,0,1
385,2,2,2,2,2,0,2
855,1,1,1,6,1,0,1
1590,2,2,2,2,2,0,2
220,2,2,2,2,2,2,2
952,2,2,2,2,2,6,2
1410,1,1,3,3,1,4,1
1292,2,2,2,2,2,0,2
442,1,1,1,6,1,0,1
1521,3,3,3,3,3,4,3
1137,1,0,0,0,0,0,0
1257,0,0,0,0,0,0,0
1739,1,1,1,5,1,5,1
1632,3,3,1,5,3,5,3
1398,0,0,0,0,0,0,0
664,0,0,0,0,0,0,0
1713,1,1,1,6,1,0,1
1657,5,5,5,5,5,5,5
318,0,0,0,4,0,6,0
649,2,2,2,2,2,6,2
1435,1,1,3,3,1,4,1
1480,0,0,0,0,0,0,0
710,1,1,1,6,1,0,1
1383,5,5,5,5,5,5,5
1283,1,1,3,3,1,4,1
973,0,0,0,0,0,0,0
628,0,0,0,0,0,0,0
633,3,1,3,3,3,4,3
1307,0,0,0,0,0,0,0
1401,0,0,0,0,0,0,0
1409,5,5,5,5,5,5,5
1249,0,0,0,0,0,0,0
1819,0,0,0,0,0,0,0
1255,1,1,1,5,1,4,1
1497,0,0,0,0,0,0,0
1372,0,0,0,0,0,0,0
1530,0,3,1,1,3,2,1
1355,0,0,0,0,0,0,0
1794,5,5,5,5,5,5,5
1772,0,0,0,0,0,0,0
1644,5,5,5,5,5,5,5
1860,2,2,2,2,2,6,2
796,0,0,0,0,0,0,0
646,3,3,3,3,3,4,3
1013,0,0,0,0,0,0,0
1716,3,3,3,1,3,6,1
557,1,1,1,6,1,0,1
682,0,0,0,0,0,6,0
578,0,0,0,0,0,0,0
1110,0,0,0,0,0,0,0
1267,4,4,4,4,4,4,4
1184,1,1,1,3,1,4,1
525,0,0,0,0,0,0,0
1060,1,1,1,6,1,0,1
541,2,2,2,2,2,2,2
1195,0,4,4,4,4,4,4
1679,2,2,2,2,2,2,2
749,4,4,4,4,4,4,4
1728,2,2,2,2,2,2,2
485,2,2,2,2,2,6,2
96,0,0,0,0,0,0,0
1021,2,2,2,2,2,2,2
564,1,1,1,6,1,0,1
1265,2,2,2,2,2,0,2
743,2,2,2,2,2,0,2
864,3,3,3,3,3,4,3
1599,0,0,0,0,0,0,0
1485,0,0,0,0,0,0,0
892,0,0,0,0,0,0,0
1578,5,5,5,5,5,5,5
1039,0,0,0,0,0,0,0
207,3,1,1,3,1,4,1
393,2,2,2,2,2,2,2
795,5,5,5,5,5,5,5
767,0,0,0,4,0,6,0
1718,0,0,0,0,0,0,0
1242,3,3,3,3,3,3,1
1029,0,0,0,0,0,0,0
643,1,1,3,3,1,4,1
961,0,0,0,0,0,0,0
726,1,3,3,5,3,4,3
684,1,1,1,6,1,0,1
99,5,5,5,5,5,5,5
1598,1,1,1,3,1,3,1
407,0,1,1,6,1,0,1
503,0,0,0,0,0,0,0
1072,1,3,3,3,1,4,3
1057,0,0,0,0,0,0,0
930,5,5,5,5,5,5,5
1052,1,1,1,5,1,5,1
41,1,1,1,3,1,4,1
1018,3,6,3,1,6,6,3
231,0,0,4,4,0,6,0
1514,0,0,0,0,0,0,0
379,1,3,1,4,3,4,1
289,1,3,1,5,1,5,3
1699,3,3,3,5,3,4,3
593,5,5,5,5,5,5,5
1523,3,3,3,3,3,4,3
1163,0,0,0,0,0,0,0
1087,4,0,0,4,4,4,0
1496,0,5,0,0,0,0,0
648,0,0,0,0,0,0,0
217,5,5,5,4,5,5,5
338,1,3,1,3,3,4,1
296,5,5,5,5,5,5,5
1726,5,5,5,5,5,5,5
1486,6,6,3,3,6,6,3
202,5,5,5,5,5,5,5
1026,5,5,5,5,5,5,5
1431,4,4,4,4,4,6,4
871,4,4,4,4,4,3,4
1764,1,2,2,2,2,0,2
613,0,4,0,0,0,6,0
1571,2,2,2,2,2,0,2
805,4,4,4,4,4,3,4
780,4,4,4,4,4,3,4
201,0,4,4,4,4,6,4
135,4,2,4,4,0,6,0
419,1,1,1,6,1,1,1
392,2,2,2,2,2,6,2
1153,4,4,4,4,4,6,4
1368,6,1,3,1,3,6,3
521,4,4,4,4,4,3,4
65,0,0,0,0,0,0,0
15,1,1,1,6,1,0,1
1181,0,0,0,0,0,0,0
1065,1,1,3,5,1,3,1
493,0,0,0,0,0,0,0
380,1,1,3,3,1,3,1
188,2,2,2,2,2,2,2
764,4,4,4,4,4,5,4
792,0,0,0,0,0,6,0
1077,1,1,1,6,1,0,1
879,0,0,0,0,0,0,0
720,0,0,4,4,0,6,0
1749,0,0,0,0,0,0,0
1017,1,3,3,1,3,6,3
1276,1,1,1,6,1,0,1
1751,1,3,3,3,1,3,1
456,1,1,3,3,1,3,1
1863,1,2,2,2,2,0,2
816,3,3,3,3,3,3,3
270,1,6,3,3,3,6,3
996,6,3,3,1,3,6,3
162,3,3,3,3,3,3,3
1580,1,1,1,3,1,3,1
730,2,2,2,2,2,6,2
402,3,1,3,3,1,3,1
703,1,1,1,6,1,0,1
1501,0,0,0,0,0,0,0
1130,0,0,0,0,0,0,0
566,2,2,2,2,2,2,2
1414,3,3,3,3,3,3,3
1022,1,3,3,1,3,6,1
1412,5,5,5,3,5,3,5
1586,1,2,2,2,2,0,2
1105,1,3,3,3,3,3,3
206,1,1,1,3,1,3,1
35,2,2,2,2,2,0,2
776,1,1,3,3,1,3,1
509,5,5,5,5,5,5,5
1452,0,0,0,0,0,6,0
1479,0,0,0,0,0,0,0
1837,0,0,0,0,0,0,0
1391,5,5,5,5,5,5,5
92,0,1,1,6,1,0,1
1364,0,0,0,0,0,0,0
898,0,0,0,0,0,0,0
565,5,5,5,5,5,5,5
1370,0,0,0,0,0,0,0
777,5,5,5,5,5,5,5
242,5,5,5,5,5,5,5
14,4,0,4,4,4,3,0
316,1,2,2,2,2,0,2
601,3,3,3,3,3,3,3
388,0,1,1,1,1,6,1
1298,0,0,0,0,0,0,0
167,1,1,1,1,1,0,1
841,0,0,0,0,0,0,0
21,2,2,2,2,2,2,2
647,5,5,5,5,5,5,5
1509,1,3,3,3,1,3,3
1155,4,4,4,4,0,6,0
1529,5,5,5,5,5,5,5
832,4,4,4,4,4,3,4
1268,0,0,0,0,0,0,0
1591,0,0,0,0,0,0,0
563,0,0,0,0,0,0,0
1818,0,0,0,0,0,0,0
687,0,1,1,6,1,0,1
958,5,5,5,5,5,5,5
190,4,4,4,4,4,3,4
1807,1,2,2,2,2,0,2
976,0,1,1,1,1,6,1
700,0,0,0,0,0,0,0
1500,1,1,1,3,1,3,1
1706,0,0,0,0,0,0,0
511,0,0,0,0,0,6,0
1083,0,0,0,0,0,0,0
475,1,1,1,3,1,3,1
1585,2,2,2,2,2,6,2
857,2,2,2,2,2,0,2
748,0,1,0,0,0,0,0
253,0,0,0,0,0,0,0
22,0,0,0,0,0,0,0
1338,0,0,0,0,0,0,0
460,5,5,5,5,5,5,5
1185,0,3,1,1,3,0,1
277,0,0,0,0,0,0,0
956,1,1,3,3,3,3,3
1216,2,2,2,2,2,2,2
386,4,0,0,4,4,3,0
806,1,1,1,6,1,0,1
1438,4,4,4,4,4,3,4
1516,0,0,0,0,0,0,0
344,0,0,0,0,0,0,0
770,0,0,0,0,0,0,0
1333,5,5,5,5,5,5,5
1686,5,5,5,5,5,5,5
131,1,1,1,3,1,3,1
1688,5,5,5,5,5,5,5
872,0,0,0,0,0,0,0
1124,0,0,0,0,0,0,0
1397,0,0,0,0,0,0,0
88,5,5,5,3,5,5,5
1483,1,3,3,3,3,3,3
331,1,3,3,3,1,3,3
1239,4,4,4,4,4,3,4
467,1,1,1,4,1,3,1
122,0,0,0,0,0,0,0
1639,6,6,1,1,1,6,1
1045,1,3,1,1,3,6,1
1725,5,5,5,5,5,5,5
1096,4,4,4,4,4,3,4
1131,1,1,1,1,1,6,1
1295,1,1,1,6,1,0,1
861,4,4,4,4,4,3,4
1460,5,5,5,5,5,5,5
1127,4,4,4,4,4,3,4
